# === Voice data start ===
[156.84, 158.78, 178.51, 214.23, 147.29, 124.53, 47.82, 27.10, 13.71, 12.53, 9.69, 6.99, 4.13, 3.54, 6.56, 2.76, 5.67, 4.83, 6.47, 5.44, 8.57, 3.43, 5.27, 8.72, 6.83, 3.50, 4.32, 4.90, 5.42, 5.31, 6.41, 7.34, ],
[150.96, 137.43, 130.17, 86.56, 63.67, 18.45, 14.03, 10.79, 9.08, 4.34, 3.77, 4.56, 1.71, 4.86, 7.45, 9.23, 2.33, 2.28, 2.99, 4.34, 7.38, 8.61, 3.05, 3.80, 7.21, 5.99, 6.03, 4.77, 4.73, 12.02, 5.98, 4.92, ],
[170.00, 164.19, 189.30, 217.16, 159.26, 133.68, 55.07, 32.51, 15.90, 12.88, 10.18, 7.18, 5.19, 7.16, 5.97, 7.08, 9.68, 3.02, 6.99, 7.21, 9.66, 5.55, 10.93, 8.10, 4.45, 7.68, 6.09, 3.92, 5.22, 4.42, 5.76, 8.24, ],
[154.48, 156.21, 131.79, 128.81, 97.49, 43.12, 17.51, 13.02, 11.96, 7.91, 5.40, 7.12, 2.87, 4.48, 3.30, 4.65, 3.97, 2.06, 5.16, 4.47, 3.87, 2.15, 3.56, 5.99, 3.84, 3.53, 4.01, 4.34, 3.57, 5.14, 5.37, 9.15, ],
[156.87, 155.82, 182.80, 175.71, 138.35, 113.88, 39.65, 22.74, 12.78, 11.49, 9.60, 5.68, 5.63, 4.58, 3.04, 5.59, 4.40, 2.96, 3.37, 5.17, 5.05, 3.32, 4.94, 5.19, 3.08, 4.79, 3.91, 3.71, 5.08, 3.44, 4.23, 7.54, ],
[160.60, 153.50, 175.08, 202.13, 166.39, 130.82, 77.58, 28.85, 19.81, 12.74, 8.88, 7.01, 4.23, 5.78, 8.91, 10.61, 7.72, 3.31, 4.64, 4.50, 7.44, 13.50, 4.91, 6.22, 9.08, 3.01, 5.91, 2.98, 5.77, 3.85, 4.91, 5.81, ],
[162.31, 164.96, 183.31, 189.60, 143.40, 110.00, 38.19, 22.42, 10.78, 11.40, 7.87, 6.35, 7.16, 6.57, 7.17, 4.80, 2.48, 4.23, 4.69, 8.05, 3.39, 2.63, 5.72, 3.52, 3.72, 4.45, 3.19, 5.46, 4.00, 3.81, 6.88, 4.76, ],
[157.65, 156.35, 180.84, 176.89, 159.61, 115.99, 74.11, 26.63, 23.81, 15.03, 15.79, 9.97, 5.97, 7.05, 6.67, 8.85, 2.79, 3.54, 2.97, 4.48, 5.98, 5.71, 4.26, 7.41, 4.38, 2.70, 9.32, 4.32, 5.59, 8.45, 7.65, 6.28, ],
[157.78, 147.98, 172.29, 173.82, 167.78, 119.73, 98.15, 26.58, 20.89, 12.41, 10.56, 8.11, 5.82, 5.41, 3.39, 3.32, 2.92, 2.41, 2.94, 4.02, 5.66, 3.15, 2.33, 2.83, 5.13, 3.80, 3.60, 3.08, 4.44, 3.38, 5.30, 7.27, ],
[158.22, 158.60, 188.55, 212.75, 171.04, 127.99, 93.13, 30.05, 17.35, 11.98, 8.71, 7.42, 6.42, 3.45, 4.89, 5.11, 2.68, 3.47, 4.78, 5.43, 3.18, 3.60, 3.80, 3.04, 4.95, 5.60, 4.18, 4.28, 4.58, 4.56, 4.45, 5.73, ],
[170.68, 165.92, 181.17, 196.24, 156.95, 111.89, 83.27, 23.03, 17.67, 11.08, 10.00, 7.13, 3.74, 3.36, 5.49, 4.02, 2.19, 6.13, 6.42, 4.77, 2.89, 2.33, 3.73, 4.90, 6.25, 3.66, 3.24, 3.26, 4.38, 4.04, 6.74, 6.30, ],
[156.61, 159.46, 189.67, 194.26, 147.01, 114.20, 89.11, 29.64, 16.87, 11.76, 9.21, 6.65, 5.62, 3.78, 6.55, 2.76, 2.39, 2.15, 2.20, 4.47, 3.77, 2.66, 4.27, 6.55, 4.96, 2.73, 2.92, 4.92, 4.79, 4.86, 4.45, 5.12, ],
[153.10, 155.69, 169.98, 182.71, 137.82, 115.75, 48.05, 28.02, 15.40, 11.95, 9.91, 6.69, 4.85, 5.48, 5.75, 3.52, 3.76, 4.14, 2.45, 2.39, 6.70, 3.97, 2.61, 6.50, 4.09, 3.31, 3.87, 4.74, 3.86, 3.75, 6.92, 5.57, ],
[154.33, 154.36, 174.82, 195.16, 144.36, 123.77, 50.90, 29.27, 14.11, 11.34, 11.29, 10.76, 4.66, 3.63, 4.28, 6.52, 4.22, 5.00, 9.59, 4.92, 6.33, 10.49, 4.31, 3.70, 9.17, 7.63, 4.82, 7.94, 7.55, 4.95, 6.06, 7.03, ],
[156.84, 158.78, 178.51, 214.23, 147.29, 124.53, 47.82, 27.10, 13.71, 12.53, 9.69, 6.99, 4.13, 3.54, 6.56, 2.76, 5.67, 4.83, 6.47, 5.44, 8.57, 3.43, 5.27, 8.72, 6.83, 3.50, 4.32, 4.90, 5.42, 5.31, 6.41, 7.34, ],
[163.06, 157.26, 177.64, 183.14, 149.70, 106.78, 36.25, 22.87, 10.85, 11.59, 8.85, 5.64, 6.94, 6.07, 4.01, 2.61, 3.17, 5.34, 4.18, 5.95, 3.77, 4.66, 2.83, 2.78, 3.58, 3.50, 3.86, 7.32, 6.82, 5.24, 6.22, 4.06, ],
[152.32, 159.22, 170.89, 180.39, 134.32, 112.01, 46.73, 26.40, 13.21, 11.46, 8.48, 6.74, 6.12, 4.67, 2.74, 2.99, 5.18, 3.82, 3.74, 2.72, 2.60, 3.94, 3.29, 4.35, 3.32, 3.46, 3.43, 3.96, 4.14, 3.57, 4.46, 6.13, ],
[162.39, 149.24, 176.17, 169.82, 147.17, 110.02, 37.43, 22.58, 10.54, 11.77, 8.65, 7.90, 4.25, 4.27, 3.47, 2.84, 2.82, 3.15, 2.14, 5.17, 2.89, 5.36, 6.16, 2.88, 3.17, 3.09, 6.47, 4.18, 4.66, 4.99, 4.62, 4.91, ],
[161.89, 153.17, 185.90, 192.31, 157.53, 114.58, 37.50, 23.72, 11.68, 11.62, 7.98, 5.75, 6.86, 7.48, 3.70, 4.16, 7.30, 4.23, 2.69, 5.02, 3.84, 2.55, 2.14, 3.78, 3.62, 2.64, 3.41, 3.80, 4.18, 5.32, 7.63, 4.61, ],
[157.93, 151.97, 166.77, 198.77, 141.83, 123.12, 70.74, 26.16, 15.27, 9.04, 7.63, 6.98, 3.62, 6.03, 4.54, 2.41, 3.44, 4.66, 2.31, 2.94, 6.83, 4.91, 3.38, 3.72, 3.96, 3.85, 3.21, 6.59, 4.59, 5.40, 4.78, 7.05, ],
[155.46, 146.97, 162.71, 182.93, 140.64, 123.38, 74.22, 26.82, 15.95, 9.50, 8.75, 9.12, 4.97, 4.09, 3.40, 3.64, 2.65, 3.37, 3.51, 3.86, 2.27, 4.75, 2.28, 2.61, 4.76, 3.49, 5.81, 4.46, 4.37, 6.00, 4.06, 6.00, ],
[152.80, 151.16, 183.89, 209.20, 160.95, 120.09, 46.41, 25.51, 18.16, 10.88, 8.50, 6.07, 4.70, 3.59, 2.43, 2.92, 2.92, 4.50, 3.49, 2.84, 3.75, 3.07, 2.50, 2.94, 3.25, 5.04, 3.05, 3.61, 5.70, 4.14, 7.37, 5.00, ],
[150.54, 183.19, 173.69, 147.09, 124.15, 87.79, 32.80, 16.63, 9.24, 8.16, 6.22, 4.07, 3.98, 2.60, 3.36, 3.12, 5.37, 3.05, 2.78, 4.14, 3.12, 3.75, 5.75, 5.27, 2.39, 5.67, 4.48, 4.01, 5.48, 6.08, 5.05, 4.76, ],
[161.83, 161.47, 178.55, 136.43, 113.80, 47.07, 25.88, 13.39, 11.72, 8.91, 6.85, 4.72, 3.62, 4.95, 2.93, 2.89, 5.07, 4.18, 4.57, 2.35, 4.80, 2.12, 2.73, 3.39, 3.65, 6.03, 3.28, 6.46, 4.88, 3.64, 4.93, 5.02, ],
[153.03, 146.86, 170.12, 192.57, 190.07, 122.67, 93.20, 25.79, 20.33, 9.80, 9.67, 9.92, 6.16, 3.23, 4.27, 2.48, 2.44, 2.94, 4.75, 2.15, 4.95, 4.28, 2.54, 3.26, 3.06, 4.49, 4.11, 3.47, 4.23, 3.29, 4.05, 8.54, ],
[170.09, 162.84, 158.44, 139.07, 103.56, 43.96, 18.33, 13.13, 10.11, 8.44, 5.13, 5.10, 4.78, 2.98, 4.13, 2.29, 3.51, 5.07, 1.99, 3.34, 2.63, 4.77, 3.70, 3.34, 4.68, 4.47, 4.24, 5.03, 4.66, 4.24, 4.73, 7.49, ],
[176.64, 136.35, 106.65, 84.74, 24.44, 16.16, 10.83, 8.14, 5.73, 5.80, 4.44, 2.71, 3.28, 2.90, 4.82, 5.47, 6.68, 3.64, 3.07, 5.52, 11.27, 5.45, 2.89, 3.24, 4.50, 4.11, 7.54, 5.04, 4.53, 4.67, 5.93, 5.32, ],
[151.66, 144.13, 174.23, 167.80, 146.43, 108.13, 36.14, 22.92, 11.25, 11.35, 9.07, 5.69, 6.23, 7.83, 3.17, 2.20, 3.44, 5.75, 5.92, 6.43, 2.38, 2.43, 2.27, 2.71, 4.63, 3.37, 5.31, 4.92, 4.85, 3.68, 4.63, 5.26, ],
[160.89, 187.35, 144.20, 127.41, 78.68, 30.77, 16.87, 8.86, 8.36, 6.00, 3.91, 3.76, 3.41, 4.66, 2.96, 3.01, 2.45, 3.39, 3.26, 4.71, 2.58, 2.42, 2.69, 3.52, 3.45, 5.01, 4.62, 6.00, 3.95, 5.67, 4.80, 7.23, ],
[151.58, 145.35, 168.71, 165.37, 142.45, 100.27, 33.29, 21.06, 10.52, 10.64, 6.82, 5.63, 5.28, 10.74, 4.05, 2.46, 1.72, 3.89, 3.91, 4.91, 2.66, 4.40, 3.03, 3.31, 2.85, 2.85, 8.03, 3.46, 4.68, 4.85, 3.76, 4.48, ],
[155.25, 151.14, 143.54, 124.84, 97.64, 63.16, 21.17, 14.16, 11.01, 8.21, 4.49, 3.76, 4.74, 3.07, 3.57, 2.15, 2.70, 2.72, 2.07, 3.15, 2.59, 3.74, 2.36, 5.79, 4.18, 3.27, 4.40, 4.09, 6.94, 3.65, 4.42, 10.30, ],
[152.69, 139.89, 168.39, 158.45, 143.50, 105.48, 36.13, 22.96, 9.80, 11.18, 7.97, 6.50, 5.42, 5.40, 3.05, 6.82, 3.49, 3.99, 2.35, 3.47, 3.95, 3.35, 2.65, 4.83, 5.57, 5.37, 4.11, 3.53, 4.18, 3.97, 4.29, 6.03, ],
[154.10, 144.52, 177.09, 178.76, 153.19, 108.25, 35.22, 22.66, 9.79, 10.72, 7.73, 6.97, 6.52, 3.52, 5.53, 2.15, 4.97, 4.13, 3.36, 2.48, 3.39, 2.25, 2.20, 4.60, 3.07, 4.17, 4.26, 6.84, 5.75, 5.45, 3.81, 4.39, ],
[168.42, 158.76, 154.47, 138.39, 102.82, 42.80, 18.76, 13.15, 10.01, 8.42, 5.28, 3.61, 3.69, 5.81, 1.88, 3.38, 3.13, 3.03, 3.72, 3.08, 5.40, 5.15, 2.11, 4.04, 3.21, 3.50, 3.56, 6.86, 4.01, 4.02, 3.84, 5.10, ],
[166.47, 157.34, 138.02, 130.91, 100.63, 42.26, 18.92, 12.30, 10.56, 7.82, 6.91, 4.09, 3.87, 3.61, 2.06, 5.58, 3.73, 2.71, 1.94, 4.04, 4.69, 2.54, 3.03, 4.46, 3.66, 2.75, 4.25, 5.50, 3.70, 3.86, 4.44, 4.73, ],
[165.94, 162.50, 174.21, 142.18, 120.14, 45.24, 27.55, 12.68, 10.79, 8.90, 6.28, 4.43, 3.23, 4.29, 2.65, 2.31, 3.74, 2.95, 2.39, 4.45, 3.27, 2.16, 3.32, 2.64, 3.01, 3.58, 4.99, 4.95, 3.47, 4.25, 6.10, 4.73, ],
[153.06, 145.83, 177.65, 184.04, 152.94, 117.98, 81.38, 23.90, 17.26, 11.13, 9.81, 6.17, 4.35, 3.77, 4.74, 2.97, 7.69, 5.19, 2.52, 4.02, 3.78, 4.26, 4.53, 6.55, 3.08, 3.09, 6.26, 4.16, 5.62, 3.89, 3.98, 6.03, ],
[164.33, 156.99, 166.78, 134.52, 110.61, 42.24, 25.16, 11.65, 12.67, 7.91, 8.01, 6.84, 3.71, 9.28, 2.79, 9.18, 5.86, 8.38, 5.26, 6.08, 5.96, 2.12, 2.76, 3.57, 5.43, 7.39, 7.06, 8.35, 4.57, 6.67, 6.07, 6.37, ],
[163.03, 154.64, 154.05, 131.58, 110.53, 43.12, 25.63, 12.08, 11.11, 8.31, 7.33, 7.69, 3.54, 3.91, 3.54, 2.54, 8.71, 4.17, 2.54, 4.57, 4.28, 3.46, 3.40, 3.27, 2.70, 3.13, 4.75, 4.42, 3.46, 3.87, 7.17, 5.76, ],
[150.42, 143.49, 156.36, 188.13, 137.85, 118.67, 60.14, 26.40, 15.03, 11.70, 7.61, 6.51, 4.54, 4.18, 2.47, 2.89, 3.37, 3.91, 2.62, 2.72, 5.00, 3.50, 2.44, 2.60, 2.90, 3.12, 3.57, 3.34, 4.03, 4.30, 3.99, 5.92, ],
[165.00, 156.90, 151.67, 137.80, 102.69, 42.65, 18.41, 12.38, 9.75, 9.65, 5.42, 3.87, 4.79, 4.64, 2.35, 2.22, 4.62, 3.09, 2.18, 2.88, 2.19, 2.52, 3.36, 2.73, 2.77, 3.64, 3.14, 3.92, 3.54, 4.30, 4.72, 6.23, ],
[164.35, 155.23, 137.96, 131.17, 100.90, 42.02, 17.60, 11.50, 10.27, 7.49, 5.50, 4.52, 4.33, 4.18, 3.25, 2.92, 1.93, 3.53, 2.49, 2.69, 3.34, 2.02, 2.31, 4.27, 3.07, 3.39, 5.05, 4.14, 3.71, 3.60, 4.85, 5.11, ],
[151.86, 151.63, 155.59, 133.20, 105.59, 61.06, 22.62, 15.19, 10.89, 7.84, 5.40, 4.35, 4.57, 3.93, 3.40, 4.77, 2.20, 2.54, 6.44, 3.45, 2.76, 2.64, 3.73, 2.41, 4.44, 2.63, 3.64, 4.39, 4.30, 5.59, 3.96, 4.97, ],
[150.53, 147.08, 164.19, 176.55, 142.97, 124.18, 45.09, 25.09, 12.30, 9.87, 7.99, 5.96, 4.65, 3.39, 3.55, 3.89, 3.71, 2.78, 3.69, 1.97, 5.25, 2.51, 4.82, 2.37, 3.22, 5.45, 2.92, 4.19, 4.71, 3.84, 3.49, 4.55, ],
[154.23, 147.51, 158.56, 190.41, 139.92, 117.75, 60.03, 25.57, 15.81, 10.60, 9.31, 6.29, 3.40, 3.10, 2.83, 3.00, 2.05, 2.16, 4.38, 3.60, 3.47, 2.34, 3.70, 2.71, 2.96, 3.29, 3.65, 4.38, 5.19, 3.49, 3.53, 6.14, ],
[166.20, 174.03, 147.24, 143.95, 94.20, 35.21, 19.78, 8.79, 10.29, 7.38, 6.66, 4.56, 3.58, 4.13, 3.30, 2.20, 4.27, 2.86, 4.46, 3.92, 5.75, 2.78, 3.89, 3.57, 3.31, 3.53, 3.92, 4.58, 3.73, 3.89, 4.99, 4.93, ],
[152.16, 144.80, 157.18, 183.92, 143.54, 120.90, 61.21, 26.49, 15.49, 12.29, 8.79, 8.03, 3.75, 4.50, 5.63, 3.90, 3.44, 3.09, 3.62, 1.86, 3.63, 4.84, 3.08, 3.45, 2.75, 4.30, 3.97, 2.57, 3.93, 3.74, 5.43, 5.88, ],
[155.18, 148.73, 158.18, 191.10, 140.92, 117.57, 59.70, 25.45, 15.54, 11.88, 8.06, 7.59, 5.54, 5.04, 2.95, 1.92, 2.08, 4.57, 2.72, 2.71, 3.97, 2.48, 7.46, 2.12, 7.02, 3.28, 2.88, 3.33, 6.48, 5.99, 4.56, 5.20, ],
[152.82, 177.28, 166.84, 137.08, 114.07, 78.71, 24.96, 16.99, 10.61, 10.37, 6.04, 4.28, 3.77, 3.45, 2.04, 2.08, 3.12, 3.10, 1.96, 2.41, 2.65, 3.15, 2.13, 2.85, 2.95, 4.67, 3.79, 4.16, 4.80, 5.91, 4.48, 6.86, ],
[150.69, 153.27, 153.27, 155.03, 147.80, 103.67, 78.34, 22.54, 17.45, 10.30, 9.48, 6.41, 2.88, 4.67, 2.40, 2.58, 2.02, 2.65, 4.81, 2.33, 2.00, 4.25, 2.20, 2.56, 4.03, 3.27, 2.48, 3.47, 3.89, 4.78, 4.54, 4.21, ],
# === Voice data end ===