# === Voice data start ===
[5.40, 4.64, 3.32, 4.51, 3.75, 1.96, 2.40, 1.05, 0.83, 1.26, 1.08, 0.31, 0.70, 2.11, 1.06, 1.72, 2.00, 2.30, 0.84, 2.17, 2.39, 0.70, 7.02, 80.80, 80.88, 70.16, 60.69, 53.72, 58.07, 62.83, 69.08, 62.85, 71.17, 54.04, 51.03, 60.35, 50.52, 28.26, 21.36, 19.61, 16.21, 25.51, 23.71, 36.43, 37.65, 43.73, 42.46, 39.13, 42.32, 40.80, 28.20, 22.26, 6.38, 6.39, 5.72, 5.24, 6.93, 7.68, 4.67, 7.02, 5.86, 5.07, 3.96, 5.02, ],
[2.72, 0.58, 0.41, 2.60, 2.13, 1.30, 1.03, 1.20, 1.20, 1.54, 0.82, 0.86, 2.06, 0.65, 0.36, 14.00, 79.64, 81.55, 81.72, 79.33, 70.55, 69.54, 87.31, 77.41, 71.16, 64.91, 60.34, 52.49, 34.96, 14.78, 26.21, 33.78, 23.80, 17.77, 12.58, 12.60, 11.94, 23.53, 38.82, 49.18, 48.05, 35.01, 26.89, 26.70, 18.48, 7.49, 4.92, 4.33, 5.33, 4.14, 6.95, 5.87, 3.52, 6.61, 5.56, 4.25, 6.40, 5.16, 5.60, 5.42, 6.26, 3.95, 5.25, 4.43, ],
[3.83, 4.17, 2.41, 4.78, 4.93, 1.00, 4.61, 5.08, 2.26, 5.59, 3.62, 3.40, 9.96, 36.49, 41.74, 53.14, 54.74, 60.08, 59.60, 55.30, 38.10, 44.06, 41.29, 40.93, 41.26, 40.02, 31.14, 15.75, 18.96, 12.86, 14.56, 15.99, 14.34, 11.22, 18.68, 35.65, 27.91, 31.23, 26.55, 22.24, 23.59, 19.31, 4.17, 2.84, 2.15, 1.20, 1.56, 1.27, 1.81, 0.72, 0.54, 1.80, 1.53, 1.62, 1.84, 0.66, 0.62, 0.98, 0.61, 1.76, 0.57, 0.66, 0.23, 1.00, ],
[0.97, 2.09, 1.08, 1.03, 2.43, 2.71, 1.50, 2.36, 2.62, 1.91, 2.08, 3.29, 2.89, 3.08, 2.27, 2.54, 16.08, 32.53, 40.03, 51.95, 44.60, 42.52, 41.60, 49.90, 44.85, 45.10, 37.12, 40.40, 39.24, 22.16, 20.59, 26.82, 23.69, 23.93, 20.41, 16.03, 20.34, 30.32, 35.17, 31.50, 32.76, 28.87, 28.75, 24.51, 18.17, 4.35, 2.83, 2.48, 1.19, 1.47, 2.20, 0.71, 0.84, 0.33, 0.86, 0.39, 0.95, 0.58, 0.71, 0.76, 1.55, 2.03, 1.06, 0.89, ],
[2.85, 3.51, 5.99, 4.06, 3.67, 4.99, 2.87, 3.59, 3.34, 2.77, 2.31, 1.70, 3.44, 15.93, 58.60, 48.52, 57.46, 54.52, 57.81, 63.67, 77.89, 62.36, 60.73, 55.53, 61.52, 48.65, 48.11, 16.02, 25.90, 24.57, 48.04, 44.19, 51.63, 50.52, 27.25, 40.53, 40.89, 42.79, 30.40, 33.71, 23.93, 23.93, 9.53, 4.93, 4.17, 1.89, 2.53, 3.14, 2.74, 4.38, 2.84, 3.45, 3.78, 3.63, 3.54, 1.87, 3.07, 3.80, 3.55, 4.12, 4.57, 5.04, 3.55, 3.31, ],
[5.05, 5.19, 5.87, 7.26, 5.19, 6.72, 4.95, 5.54, 3.99, 5.04, 6.22, 3.43, 6.01, 10.20, 44.14, 46.16, 54.51, 54.25, 46.00, 51.72, 57.15, 44.44, 55.08, 37.29, 40.43, 40.07, 34.97, 14.17, 9.40, 6.32, 4.30, 13.53, 20.91, 17.18, 22.52, 26.92, 29.61, 38.24, 33.36, 41.64, 32.48, 24.56, 14.62, 3.18, 5.00, 2.59, 2.71, 5.22, 2.63, 2.35, 3.62, 2.43, 2.76, 0.98, 2.39, 0.25, 1.34, 3.78, 1.11, 3.22, 1.33, 2.87, 2.94, 1.77, ],
[3.69, 0.79, 1.75, 2.50, 1.79, 3.05, 2.93, 2.56, 2.94, 1.86, 4.15, 3.60, 3.30, 4.06, 1.82, 4.62, 3.31, 2.60, 2.10, 8.66, 47.96, 50.39, 54.27, 55.71, 56.43, 55.22, 53.83, 51.04, 44.68, 44.45, 42.67, 37.12, 37.75, 25.81, 11.71, 19.02, 17.94, 19.59, 17.42, 8.89, 20.18, 34.40, 32.71, 36.28, 29.52, 34.46, 27.28, 11.13, 4.12, 3.43, 1.11, 1.21, 2.26, 0.69, 2.00, 0.70, 1.17, 1.95, 3.06, 2.89, 2.92, 2.66, 4.60, 1.37, ],
[3.00, 1.49, 0.56, 1.38, 1.32, 1.92, 1.13, 3.13, 0.97, 2.01, 2.78, 1.83, 2.57, 2.23, 2.73, 2.13, 4.36, 1.49, 2.91, 1.89, 18.81, 73.88, 79.22, 76.40, 75.81, 79.24, 63.68, 64.31, 67.46, 53.81, 51.77, 32.15, 20.07, 29.88, 34.81, 43.37, 37.21, 38.42, 30.48, 20.39, 32.70, 45.15, 40.19, 34.66, 26.85, 17.29, 5.38, 3.87, 3.48, 3.34, 1.97, 1.73, 3.51, 2.44, 2.12, 2.76, 2.24, 2.89, 3.19, 3.24, 3.51, 2.39, 1.08, 0.59, ],
[3.68, 3.83, 4.01, 3.17, 3.87, 2.09, 3.87, 2.65, 3.44, 1.89, 2.80, 4.31, 2.51, 2.77, 2.47, 1.94, 4.47, 1.81, 21.27, 50.04, 57.57, 60.86, 63.45, 61.95, 54.76, 54.78, 49.02, 49.35, 42.79, 42.92, 30.21, 19.71, 21.13, 28.84, 34.26, 36.78, 37.44, 25.65, 14.64, 22.32, 33.32, 35.26, 33.07, 29.86, 19.88, 9.91, 4.54, 3.16, 2.16, 2.72, 1.22, 1.46, 0.92, 1.81, 1.84, 2.22, 1.04, 2.74, 3.37, 3.13, 2.93, 5.30, 4.89, 6.26, ],
[4.99, 3.48, 4.24, 4.06, 3.30, 3.77, 5.16, 2.76, 4.97, 4.39, 3.79, 5.11, 1.82, 4.54, 19.06, 50.63, 55.98, 62.77, 57.99, 54.75, 58.29, 56.26, 55.01, 51.82, 52.48, 45.80, 40.99, 34.31, 13.09, 19.45, 25.13, 27.03, 15.50, 10.68, 17.55, 29.27, 32.90, 30.50, 33.37, 29.69, 26.13, 15.82, 4.12, 4.01, 1.92, 2.19, 2.11, 1.65, 0.66, 2.86, 0.35, 0.79, 1.08, 0.77, 0.64, 0.70, 1.05, 0.85, 1.66, 1.51, 2.35, 2.01, 0.55, 2.85, ],
[7.01, 6.98, 5.08, 6.19, 6.43, 3.26, 4.21, 3.85, 4.05, 5.41, 4.91, 3.29, 3.64, 2.66, 3.57, 2.53, 3.39, 2.99, 38.29, 66.35, 63.85, 73.83, 60.46, 66.68, 60.39, 67.99, 51.95, 52.19, 48.08, 49.42, 44.47, 26.21, 20.56, 33.97, 35.54, 37.61, 33.52, 24.39, 23.10, 35.43, 42.31, 38.46, 32.59, 30.00, 27.83, 19.97, 10.32, 4.86, 3.50, 3.73, 1.89, 2.36, 2.49, 1.73, 3.68, 2.89, 3.11, 3.56, 2.74, 4.75, 3.46, 3.75, 5.37, 4.14, ],
[2.20, 2.59, 4.48, 4.01, 3.74, 4.05, 4.55, 4.74, 3.90, 7.08, 3.39, 3.84, 5.20, 3.03, 5.92, 11.33, 37.21, 48.65, 55.94, 58.09, 46.88, 58.40, 49.53, 49.23, 41.80, 45.91, 45.15, 44.17, 29.34, 14.80, 25.21, 28.14, 27.12, 25.76, 26.27, 22.93, 30.40, 33.30, 31.90, 32.69, 30.51, 26.06, 12.39, 4.07, 2.85, 1.32, 5.06, 1.49, 1.80, 2.32, 2.53, 2.97, 2.00, 3.83, 1.51, 3.15, 3.07, 3.76, 2.49, 3.28, 2.95, 2.97, 5.69, 3.47, ],
[4.98, 3.25, 4.77, 3.72, 2.27, 2.78, 2.02, 3.76, 3.66, 4.85, 2.82, 3.32, 3.80, 0.81, 2.56, 0.81, 7.75, 35.67, 39.17, 47.53, 40.84, 47.03, 49.91, 55.07, 50.31, 54.34, 58.20, 46.03, 51.87, 41.57, 39.80, 14.94, 19.92, 39.92, 39.06, 33.23, 33.44, 28.73, 37.77, 40.32, 39.72, 37.31, 30.74, 24.01, 12.43, 5.15, 2.90, 2.04, 1.44, 2.85, 3.01, 2.26, 1.99, 2.81, 2.68, 2.81, 4.05, 2.53, 3.38, 5.94, 2.83, 5.15, 5.13, 5.15, ],
[4.51, 3.11, 6.35, 2.96, 5.83, 6.52, 3.86, 3.64, 5.78, 3.23, 5.36, 5.21, 4.57, 3.47, 4.55, 4.42, 2.21, 5.37, 2.59, 6.81, 48.35, 60.20, 50.48, 54.43, 62.05, 56.35, 55.80, 49.01, 50.48, 41.13, 27.45, 13.85, 18.06, 22.78, 21.20, 25.84, 18.64, 11.99, 28.42, 37.74, 40.01, 34.68, 29.32, 25.51, 22.66, 8.37, 4.11, 2.12, 3.06, 1.33, 1.33, 1.39, 1.53, 1.37, 3.31, 1.14, 1.21, 2.09, 1.12, 0.97, 1.05, 1.12, 1.19, 1.49, ],
[1.80, 4.07, 3.32, 3.57, 4.92, 4.48, 4.70, 6.04, 5.19, 4.85, 6.14, 5.23, 6.04, 6.58, 6.85, 4.18, 5.65, 7.14, 5.75, 48.60, 59.87, 58.31, 63.22, 69.35, 74.18, 61.16, 68.31, 48.78, 57.43, 54.01, 49.64, 39.86, 18.55, 20.85, 19.42, 34.71, 28.32, 32.67, 24.66, 26.05, 29.46, 32.40, 27.75, 24.33, 24.02, 10.19, 3.45, 3.34, 1.63, 1.92, 2.06, 1.54, 0.66, 0.82, 0.77, 1.06, 1.73, 2.30, 1.15, 1.95, 1.90, 2.96, 2.39, 2.43, ],
[0.90, 0.92, 0.28, 2.02, 1.63, 1.94, 0.70, 1.28, 0.94, 1.18, 1.22, 1.73, 1.61, 0.72, 0.78, 0.69, 0.41, 0.52, 0.82, 12.91, 55.36, 61.77, 68.00, 61.45, 60.89, 46.57, 50.54, 46.40, 54.03, 44.10, 47.20, 37.83, 21.74, 18.59, 23.61, 30.31, 29.05, 29.46, 15.42, 18.75, 31.94, 39.34, 36.16, 30.98, 25.73, 20.82, 6.55, 3.53, 2.79, 1.15, 1.75, 1.22, 0.84, 1.57, 0.64, 1.12, 1.09, 2.96, 2.34, 2.10, 1.98, 0.89, 1.67, 3.25, ],
[5.11, 5.69, 3.99, 6.72, 5.52, 6.04, 5.98, 4.72, 4.93, 3.76, 7.08, 4.08, 4.58, 5.00, 3.15, 4.37, 2.99, 3.80, 4.08, 2.78, 4.20, 4.03, 2.18, 4.74, 18.59, 44.47, 59.03, 59.80, 54.89, 62.50, 58.22, 53.78, 59.34, 52.97, 44.46, 50.99, 38.23, 15.69, 21.37, 20.16, 28.26, 22.81, 17.11, 22.99, 32.00, 34.06, 39.60, 30.84, 28.20, 16.51, 3.10, 4.43, 2.51, 2.05, 3.95, 1.98, 2.15, 4.31, 3.44, 3.15, 2.51, 3.31, 2.73, 1.50, ],
[1.35, 1.53, 0.76, 0.81, 0.81, 0.62, 1.38, 0.65, 1.39, 0.95, 1.17, 0.54, 0.73, 1.41, 3.57, 2.01, 26.83, 55.21, 73.54, 62.39, 71.60, 69.68, 62.25, 45.45, 56.58, 44.69, 37.00, 45.93, 35.53, 39.72, 14.88, 12.57, 13.23, 23.59, 28.01, 23.25, 24.75, 21.31, 28.68, 30.41, 31.01, 30.88, 20.57, 20.69, 13.60, 3.71, 3.41, 3.48, 2.03, 2.06, 3.31, 0.95, 2.65, 2.67, 2.76, 2.70, 3.09, 2.81, 2.47, 4.18, 3.08, 4.15, 4.89, 3.70, ],
[0.86, 1.54, 1.40, 2.34, 2.47, 0.35, 2.14, 1.89, 1.04, 2.37, 2.12, 2.86, 2.50, 2.75, 1.75, 16.91, 51.65, 66.91, 53.44, 56.48, 63.57, 57.91, 47.71, 55.47, 52.00, 37.42, 45.37, 33.81, 25.21, 19.36, 23.16, 33.46, 29.00, 31.30, 24.30, 25.91, 24.15, 34.22, 28.23, 25.00, 21.60, 5.89, 3.91, 2.89, 2.33, 1.86, 1.98, 0.64, 1.59, 0.79, 1.02, 1.63, 0.98, 0.72, 1.56, 0.76, 0.68, 1.14, 0.55, 0.68, 1.33, 0.70, 0.81, 2.05, ],
[0.78, 0.91, 0.64, 0.41, 0.59, 0.53, 0.68, 1.76, 1.45, 0.78, 0.61, 0.54, 1.56, 1.27, 0.80, 1.23, 0.52, 0.63, 1.36, 1.35, 0.55, 0.58, 0.71, 1.27, 0.94, 12.57, 45.88, 54.03, 60.62, 70.51, 59.43, 52.66, 48.65, 39.79, 56.93, 46.16, 40.54, 44.71, 34.13, 33.64, 16.02, 16.00, 22.28, 25.42, 24.69, 13.91, 29.27, 34.22, 32.65, 25.23, 28.08, 24.52, 20.01, 12.00, 2.94, 3.69, 2.56, 2.49, 1.30, 1.78, 1.89, 0.83, 1.78, 2.13, ],
[6.55, 8.94, 5.27, 7.84, 8.81, 7.45, 7.47, 7.66, 5.54, 7.87, 5.83, 7.41, 5.67, 5.08, 6.31, 2.83, 4.48, 1.48, 10.49, 45.76, 46.31, 46.76, 45.92, 52.60, 40.52, 41.23, 42.56, 46.81, 42.47, 46.00, 33.42, 27.40, 14.30, 17.17, 27.74, 30.32, 29.75, 25.48, 27.13, 28.88, 31.72, 27.70, 29.96, 23.72, 25.44, 13.94, 4.75, 4.83, 4.06, 4.78, 6.43, 3.50, 4.11, 4.83, 3.74, 2.00, 2.33, 3.04, 1.18, 1.47, 2.05, 0.86, 0.73, 0.22, ],
[0.82, 0.45, 0.91, 1.26, 0.95, 0.31, 1.55, 1.13, 1.46, 0.78, 1.09, 1.18, 1.60, 1.03, 1.07, 0.81, 1.51, 0.59, 33.33, 43.77, 56.31, 55.88, 55.50, 57.34, 50.28, 38.50, 51.57, 51.69, 46.29, 47.94, 41.50, 34.49, 14.99, 19.51, 28.77, 31.45, 26.40, 29.65, 32.30, 34.13, 29.27, 29.13, 24.64, 10.79, 3.20, 1.97, 2.35, 1.82, 1.01, 0.80, 1.45, 0.76, 0.68, 1.19, 1.25, 2.03, 3.24, 2.98, 3.68, 3.23, 3.06, 5.30, 3.14, 3.10, ],
[0.88, 1.54, 2.15, 0.52, 0.62, 1.21, 0.35, 0.79, 0.28, 1.43, 0.48, 0.52, 1.99, 1.17, 1.75, 2.53, 2.82, 3.50, 2.82, 2.63, 1.97, 1.45, 2.18, 33.22, 49.02, 47.15, 55.64, 58.97, 54.82, 51.70, 54.29, 50.14, 54.79, 39.16, 43.58, 40.40, 29.10, 19.13, 19.46, 32.46, 29.31, 27.39, 17.12, 19.95, 28.28, 31.74, 29.25, 28.33, 25.33, 18.21, 6.92, 2.92, 2.44, 2.16, 2.80, 0.98, 1.73, 1.92, 1.45, 1.36, 1.28, 2.37, 1.16, 3.06, ],
[1.30, 2.72, 3.11, 1.26, 3.37, 2.33, 3.13, 2.49, 4.18, 4.13, 4.18, 4.45, 3.34, 2.75, 3.44, 4.19, 3.66, 3.66, 1.32, 1.85, 4.13, 15.46, 50.12, 54.28, 57.01, 52.07, 50.36, 60.82, 54.77, 50.97, 52.45, 45.31, 48.58, 43.82, 40.10, 16.17, 16.94, 11.63, 28.32, 32.39, 38.03, 28.30, 12.12, 20.89, 35.63, 33.64, 33.10, 29.23, 13.90, 5.80, 3.19, 3.13, 3.47, 2.53, 2.66, 2.60, 0.63, 2.13, 3.47, 0.50, 2.15, 2.31, 1.81, 1.88, ],
[3.63, 1.91, 3.49, 5.24, 4.03, 4.38, 5.36, 3.94, 5.16, 4.49, 4.87, 5.02, 4.47, 4.90, 3.63, 5.46, 5.53, 5.22, 4.50, 6.10, 4.11, 4.50, 5.12, 3.49, 4.53, 4.80, 3.73, 4.03, 4.37, 2.40, 3.50, 4.54, 3.77, 56.71, 71.85, 60.90, 70.28, 71.28, 64.81, 61.31, 55.96, 67.52, 59.64, 63.69, 51.33, 56.54, 36.51, 19.67, 21.77, 18.65, 18.32, 14.05, 17.37, 24.56, 32.74, 26.96, 28.11, 23.71, 12.64, 2.75, 3.10, 3.47, 1.11, 2.57, ],
[4.27, 2.46, 5.04, 1.83, 3.02, 4.73, 1.35, 3.52, 3.35, 1.09, 2.18, 3.16, 1.98, 2.60, 2.91, 3.56, 2.80, 4.64, 2.69, 1.85, 3.05, 10.90, 37.10, 46.18, 59.75, 67.31, 51.35, 44.18, 51.36, 56.80, 52.84, 53.85, 47.59, 51.70, 45.65, 28.12, 24.04, 23.43, 24.49, 23.83, 20.98, 21.56, 25.96, 33.10, 26.10, 29.27, 21.99, 23.59, 18.09, 4.93, 3.24, 1.99, 2.10, 1.42, 1.98, 3.00, 1.65, 3.38, 1.65, 1.55, 2.73, 3.15, 3.44, 3.21, ],
[1.17, 3.11, 1.69, 1.10, 2.67, 1.07, 0.71, 2.78, 0.47, 0.71, 2.17, 2.07, 3.54, 3.36, 0.68, 1.98, 3.07, 2.46, 18.09, 37.43, 47.08, 43.63, 43.09, 47.85, 45.34, 42.94, 40.57, 43.23, 43.76, 36.00, 41.36, 36.17, 43.08, 28.18, 16.59, 26.80, 32.70, 34.68, 31.68, 23.29, 35.28, 42.45, 41.77, 35.77, 32.45, 25.08, 20.09, 7.41, 5.16, 4.93, 3.43, 4.00, 4.91, 3.61, 6.52, 3.25, 3.32, 2.98, 1.00, 1.21, 0.62, 0.77, 1.53, 0.76, ],
[1.50, 1.92, 1.44, 1.89, 1.79, 0.80, 1.18, 0.92, 1.51, 0.77, 1.01, 0.98, 1.12, 0.71, 0.77, 2.37, 0.65, 1.35, 1.57, 1.71, 0.39, 1.23, 1.46, 8.17, 44.38, 52.72, 49.77, 43.51, 51.39, 52.46, 46.74, 44.56, 46.32, 49.70, 45.79, 45.17, 31.69, 19.83, 20.48, 26.40, 27.44, 27.55, 27.99, 24.54, 32.95, 31.28, 23.44, 26.59, 24.92, 13.44, 4.71, 2.97, 1.78, 1.47, 1.23, 3.10, 1.91, 0.99, 1.40, 1.23, 0.70, 1.53, 2.34, 2.51, ],
[4.56, 4.29, 3.61, 4.31, 5.71, 5.03, 5.37, 5.78, 4.18, 5.73, 5.65, 3.56, 5.80, 4.56, 3.30, 4.43, 26.16, 46.43, 58.22, 43.86, 44.42, 55.01, 46.77, 44.22, 44.59, 45.94, 40.54, 40.45, 23.37, 17.92, 17.18, 34.02, 29.47, 32.63, 22.89, 12.61, 21.10, 31.31, 30.07, 30.48, 25.13, 21.28, 16.11, 5.04, 3.38, 2.21, 1.74, 1.78, 1.16, 0.71, 2.16, 2.46, 0.57, 1.04, 0.61, 0.82, 0.71, 1.04, 0.82, 0.93, 0.86, 1.22, 2.05, 0.59, ],
[1.47, 1.52, 0.84, 0.79, 0.57, 0.63, 0.31, 0.55, 0.40, 0.88, 0.86, 1.56, 0.84, 0.81, 0.81, 0.77, 0.25, 6.47, 42.21, 49.57, 44.66, 51.89, 54.63, 47.42, 50.60, 48.53, 35.13, 48.24, 39.91, 45.55, 40.83, 16.69, 13.23, 28.69, 28.39, 27.64, 26.91, 19.01, 23.16, 29.75, 29.45, 30.00, 26.69, 23.13, 20.55, 6.85, 4.01, 3.08, 1.54, 3.04, 1.54, 4.10, 2.40, 4.12, 3.65, 1.52, 5.00, 2.75, 3.85, 3.03, 2.47, 2.59, 4.06, 4.52, ],
[1.01, 0.94, 1.39, 0.89, 1.02, 0.45, 2.08, 0.78, 0.72, 1.12, 0.18, 2.14, 1.07, 1.66, 2.33, 0.93, 1.85, 3.13, 0.36, 2.39, 1.83, 3.39, 0.94, 2.13, 1.98, 0.58, 28.63, 40.11, 47.22, 52.01, 58.26, 50.51, 46.14, 43.59, 52.10, 40.01, 51.24, 45.74, 50.55, 39.61, 22.34, 16.34, 17.16, 21.11, 24.44, 17.11, 14.36, 25.52, 34.02, 29.85, 23.92, 24.47, 18.97, 7.97, 3.60, 2.47, 2.49, 1.88, 2.42, 3.40, 2.18, 2.17, 1.58, 3.91, ],
[2.70, 1.22, 2.85, 0.90, 0.76, 1.98, 0.96, 0.42, 0.71, 0.41, 1.94, 1.36, 1.43, 1.59, 2.29, 0.71, 1.48, 13.93, 49.92, 70.65, 60.37, 70.76, 68.10, 61.61, 64.56, 63.19, 51.73, 45.14, 43.89, 47.27, 41.75, 17.36, 16.88, 6.78, 7.88, 4.42, 2.58, 3.11, 10.90, 23.96, 23.26, 21.85, 20.34, 18.01, 6.77, 3.24, 4.42, 2.53, 3.64, 3.95, 2.92, 3.92, 5.29, 4.26, 5.05, 4.56, 2.99, 4.67, 6.55, 5.37, 5.86, 7.27, 6.55, 4.96, ],
[1.57, 1.73, 1.99, 1.40, 3.05, 2.06, 1.59, 1.99, 2.60, 2.18, 1.56, 1.94, 1.62, 2.09, 1.42, 2.13, 0.65, 1.95, 2.85, 1.95, 3.02, 4.05, 3.40, 4.59, 2.19, 3.38, 11.49, 29.71, 39.07, 46.50, 44.82, 42.36, 48.29, 51.93, 40.27, 46.89, 42.54, 49.97, 48.80, 43.22, 23.11, 20.90, 21.15, 22.90, 17.92, 24.04, 21.11, 14.58, 26.32, 31.18, 32.42, 29.61, 26.43, 15.00, 5.47, 4.36, 1.64, 2.04, 1.31, 0.99, 0.92, 1.73, 1.92, 2.71, ],
[1.54, 0.79, 1.24, 1.12, 1.54, 1.76, 1.31, 0.85, 0.75, 1.04, 2.24, 0.77, 2.04, 0.73, 0.96, 2.13, 1.11, 1.24, 2.18, 1.17, 2.41, 1.89, 2.22, 0.55, 1.61, 2.56, 10.30, 38.00, 45.43, 46.82, 52.39, 57.68, 51.62, 51.30, 55.15, 55.77, 42.00, 53.51, 28.53, 13.40, 12.09, 17.29, 21.10, 23.05, 10.20, 13.83, 25.40, 29.28, 31.61, 29.70, 27.80, 21.02, 8.15, 3.92, 2.92, 1.47, 1.78, 2.24, 1.67, 2.29, 2.15, 1.75, 1.40, 3.42, ],
[1.02, 0.88, 1.24, 1.71, 0.63, 1.39, 0.86, 2.12, 0.74, 0.67, 3.01, 1.48, 1.85, 1.86, 0.58, 14.01, 36.03, 56.51, 52.24, 40.62, 53.60, 49.91, 42.48, 45.13, 43.43, 38.22, 37.25, 23.79, 11.01, 27.62, 33.61, 25.90, 33.17, 23.61, 32.67, 32.08, 36.81, 32.68, 27.39, 16.77, 6.75, 3.75, 2.05, 2.00, 1.80, 1.39, 0.74, 0.67, 0.79, 0.69, 0.71, 0.54, 1.12, 1.22, 2.25, 3.63, 3.29, 3.30, 3.77, 2.56, 4.76, 2.74, 2.15, 3.20, ],
[2.84, 2.68, 1.49, 2.68, 1.12, 2.85, 0.80, 3.30, 0.50, 2.77, 2.64, 2.70, 4.01, 4.45, 4.28, 1.71, 4.75, 6.78, 39.22, 38.29, 46.25, 48.02, 54.24, 48.80, 49.74, 50.01, 42.81, 43.83, 45.11, 51.54, 31.99, 24.75, 19.20, 26.71, 36.34, 34.66, 29.31, 25.64, 33.11, 32.38, 39.16, 23.57, 25.26, 19.82, 5.46, 3.91, 2.94, 2.27, 1.88, 1.68, 1.77, 0.91, 1.65, 1.99, 0.65, 1.14, 2.62, 0.96, 0.75, 1.23, 0.66, 0.77, 0.80, 0.86, ],
[1.92, 1.41, 0.62, 1.13, 0.89, 2.09, 0.61, 1.41, 0.96, 0.43, 0.81, 0.48, 0.41, 0.77, 1.80, 0.89, 0.59, 0.83, 0.71, 2.06, 0.82, 1.35, 1.46, 1.50, 0.70, 0.99, 1.85, 0.27, 31.91, 69.05, 76.92, 87.02, 86.35, 80.22, 76.25, 82.93, 61.37, 49.42, 52.22, 54.74, 22.03, 22.11, 24.75, 30.46, 29.71, 26.32, 18.71, 36.94, 32.83, 32.21, 27.28, 22.13, 12.68, 3.80, 3.59, 2.99, 1.45, 1.35, 2.39, 1.67, 2.43, 1.76, 2.61, 3.22, ],
[3.38, 2.92, 3.26, 2.91, 2.94, 2.09, 3.59, 1.98, 4.11, 3.26, 1.92, 5.23, 3.60, 3.16, 3.02, 3.87, 4.03, 2.60, 3.08, 2.61, 29.40, 45.97, 49.68, 59.71, 64.56, 55.26, 66.20, 60.66, 56.60, 54.26, 55.35, 46.29, 40.18, 14.15, 23.75, 29.53, 28.45, 31.73, 10.32, 14.23, 26.62, 27.94, 28.15, 23.54, 16.94, 6.17, 2.94, 2.76, 1.21, 1.59, 1.17, 1.36, 0.49, 1.05, 1.36, 0.44, 1.33, 1.06, 1.15, 0.27, 1.21, 0.57, 0.52, 0.52, ],
[5.19, 4.46, 4.05, 5.04, 5.82, 2.68, 6.38, 4.84, 5.30, 6.56, 5.89, 5.68, 6.43, 4.73, 4.88, 5.44, 3.53, 19.63, 36.60, 39.09, 42.03, 44.32, 36.94, 40.78, 32.40, 43.98, 34.69, 44.12, 38.34, 38.16, 22.03, 15.02, 21.76, 27.88, 27.59, 26.62, 24.21, 33.97, 33.47, 29.71, 23.52, 20.55, 8.96, 4.44, 4.19, 1.45, 1.80, 1.78, 0.61, 1.08, 1.42, 1.16, 1.75, 1.05, 1.73, 0.82, 0.31, 0.96, 0.23, 1.89, 0.75, 1.17, 1.14, 0.51, ],
[0.82, 1.28, 0.49, 0.86, 0.58, 1.44, 2.14, 0.48, 1.75, 0.86, 0.74, 1.51, 1.46, 1.47, 1.19, 1.93, 7.43, 26.19, 38.09, 47.36, 44.29, 52.04, 45.47, 46.50, 43.76, 45.25, 31.94, 42.25, 34.28, 37.46, 15.06, 15.86, 21.93, 21.57, 22.64, 16.96, 25.80, 23.66, 28.69, 29.06, 25.68, 22.65, 12.83, 4.12, 2.66, 1.96, 1.89, 1.65, 2.90, 2.30, 1.74, 1.64, 1.99, 1.89, 2.56, 1.80, 1.66, 2.78, 3.01, 2.58, 2.54, 4.14, 2.80, 1.87, ],
[1.55, 0.65, 1.99, 1.00, 1.84, 1.44, 0.64, 2.75, 1.39, 1.85, 1.80, 0.57, 1.73, 1.25, 2.85, 0.95, 1.76, 2.41, 0.68, 1.40, 1.64, 1.53, 19.24, 39.24, 44.79, 43.24, 45.30, 39.47, 36.04, 37.77, 38.08, 35.62, 39.61, 33.12, 29.37, 15.67, 12.75, 20.11, 20.54, 18.18, 28.28, 26.46, 27.77, 22.88, 19.85, 11.24, 3.78, 1.95, 1.73, 1.44, 1.40, 1.40, 1.01, 0.43, 1.47, 0.76, 0.56, 1.44, 0.65, 4.50, 1.51, 2.29, 2.71, 2.91, ],
[1.51, 3.40, 2.99, 3.27, 2.96, 3.08, 3.24, 1.59, 2.72, 2.60, 3.68, 4.71, 3.04, 2.52, 0.76, 6.16, 17.78, 32.39, 35.47, 32.92, 32.45, 38.61, 36.93, 36.85, 37.60, 39.26, 34.59, 37.36, 31.93, 24.35, 15.78, 13.89, 19.29, 17.75, 16.33, 8.06, 22.85, 26.33, 25.51, 22.61, 24.19, 17.69, 11.85, 4.86, 3.69, 1.86, 2.68, 2.28, 2.03, 3.01, 0.73, 3.38, 1.00, 1.30, 3.27, 2.28, 2.68, 3.35, 2.04, 2.71, 3.88, 4.36, 2.70, 3.81, ],
[0.93, 0.73, 1.32, 2.33, 0.67, 1.38, 0.73, 0.60, 1.53, 1.65, 1.51, 0.45, 1.96, 0.96, 2.30, 0.71, 8.46, 30.76, 35.04, 40.24, 43.01, 48.57, 52.78, 50.48, 41.79, 44.72, 37.64, 40.35, 33.75, 39.32, 25.87, 18.43, 22.49, 30.76, 29.71, 25.70, 18.43, 23.78, 22.84, 23.46, 14.40, 14.58, 12.48, 2.83, 3.57, 1.76, 3.02, 2.04, 1.47, 3.16, 1.51, 2.88, 1.91, 1.37, 1.90, 3.86, 2.54, 2.33, 3.26, 2.97, 2.93, 2.87, 2.84, 3.09, ],
[4.15, 2.80, 2.94, 3.15, 3.98, 2.30, 4.86, 4.26, 2.96, 3.72, 3.30, 3.44, 3.03, 4.14, 4.39, 2.99, 4.87, 3.96, 2.47, 3.08, 8.93, 31.28, 44.40, 47.29, 50.33, 53.95, 52.08, 45.72, 45.68, 48.05, 42.03, 36.16, 35.67, 23.21, 15.16, 19.50, 23.30, 23.71, 17.01, 20.60, 26.43, 29.77, 26.76, 23.06, 17.95, 10.37, 3.08, 1.83, 2.24, 1.78, 1.55, 2.52, 1.74, 1.83, 1.65, 1.01, 3.08, 2.68, 2.36, 2.20, 3.23, 0.44, 3.26, 2.52, ],
[0.91, 2.60, 1.41, 1.91, 1.86, 1.66, 2.00, 2.38, 2.74, 1.53, 1.21, 2.13, 1.84, 1.73, 3.86, 0.35, 2.71, 2.68, 4.12, 20.11, 28.73, 37.46, 42.07, 39.28, 43.09, 44.24, 39.53, 40.98, 40.16, 38.72, 35.15, 18.61, 16.58, 17.35, 25.10, 22.45, 22.69, 23.32, 27.40, 27.63, 26.06, 19.41, 15.40, 5.25, 3.06, 3.24, 2.66, 1.54, 2.83, 1.12, 2.88, 1.72, 1.35, 0.90, 0.90, 3.19, 1.37, 3.64, 3.00, 1.48, 2.86, 2.65, 2.50, 4.22, ],
[1.38, 1.07, 0.71, 2.53, 1.38, 1.11, 0.43, 0.41, 1.71, 1.46, 2.37, 0.88, 2.53, 1.03, 0.66, 2.80, 1.29, 0.94, 2.81, 0.97, 2.32, 0.96, 1.54, 1.18, 8.75, 37.59, 42.78, 48.36, 41.43, 45.66, 45.34, 43.92, 32.29, 32.38, 28.41, 24.53, 15.03, 18.03, 20.84, 25.88, 22.19, 9.54, 12.22, 23.96, 21.97, 25.41, 23.91, 21.53, 19.18, 3.55, 3.47, 1.85, 3.53, 1.77, 1.04, 2.45, 2.32, 2.37, 3.43, 3.57, 3.11, 3.84, 5.11, 4.19, ],
[4.28, 0.56, 3.89, 3.22, 3.23, 3.83, 2.71, 3.77, 2.14, 2.89, 2.95, 1.91, 5.17, 0.62, 2.45, 3.26, 2.10, 4.12, 46.81, 45.30, 47.47, 49.56, 48.39, 44.40, 38.85, 44.80, 43.19, 42.00, 43.56, 35.22, 18.44, 22.05, 24.35, 21.67, 9.02, 14.51, 22.21, 25.64, 25.37, 21.30, 13.21, 4.42, 2.56, 2.34, 1.56, 1.62, 1.00, 1.34, 1.57, 1.06, 1.09, 1.63, 0.78, 0.44, 0.49, 0.95, 0.81, 0.76, 0.87, 1.46, 0.47, 1.59, 0.87, 0.93, ],
[0.99, 2.37, 0.52, 2.00, 3.08, 0.96, 4.43, 1.03, 2.34, 4.07, 1.47, 3.08, 3.06, 2.17, 2.65, 9.15, 9.36, 41.06, 47.61, 41.56, 37.99, 35.70, 41.93, 36.77, 40.24, 34.20, 35.35, 27.32, 22.13, 18.94, 23.84, 30.29, 28.75, 30.43, 28.80, 30.38, 26.24, 20.11, 22.69, 20.05, 18.11, 4.16, 2.70, 2.98, 1.22, 2.54, 1.35, 1.47, 2.40, 1.51, 3.20, 2.69, 1.32, 2.64, 1.82, 2.50, 3.02, 3.07, 2.72, 0.60, 3.08, 3.81, 2.06, 3.56, ],
[0.31, 1.69, 0.96, 1.11, 0.44, 0.67, 1.03, 1.26, 1.49, 0.22, 1.59, 1.07, 1.30, 2.84, 0.85, 0.51, 2.03, 6.89, 31.91, 44.36, 41.72, 50.50, 50.64, 40.43, 41.23, 40.61, 39.24, 39.13, 37.25, 32.04, 23.19, 25.03, 28.35, 27.45, 34.20, 26.06, 13.42, 23.71, 23.25, 28.21, 19.97, 9.63, 4.13, 3.21, 1.73, 2.48, 1.02, 1.15, 1.65, 0.87, 1.47, 0.85, 0.54, 1.97, 0.48, 1.17, 0.82, 0.73, 0.82, 0.89, 1.85, 1.76, 3.66, 2.81, ],
[1.17, 1.63, 1.42, 2.85, 1.32, 2.78, 0.84, 1.80, 2.37, 5.44, 7.45, 4.77, 5.36, 1.26, 1.13, 3.35, 0.83, 1.08, 2.32, 5.72, 24.12, 38.92, 41.86, 43.81, 45.72, 45.43, 46.02, 45.71, 45.40, 46.40, 37.85, 35.09, 16.99, 19.62, 26.73, 25.55, 27.97, 10.38, 17.42, 19.61, 24.86, 22.16, 21.80, 9.15, 4.44, 2.56, 4.49, 3.21, 2.94, 3.90, 3.18, 3.21, 4.08, 1.84, 5.35, 2.97, 2.46, 3.37, 2.26, 3.27, 2.58, 3.13, 3.83, 2.49, ],
# === Voice data end ===
