# === Voice data start ===
[8.30, 7.76, 9.14, 8.13, 8.14, 8.65, 7.77, 8.58, 7.34, 9.44, 7.89, 5.84, 6.05, 6.12, 5.58, 7.37, 97.10, 130.66, 85.82, 49.52, 38.48, 15.24, 15.43, 12.99, 20.27, 14.49, 18.38, 13.49, 53.97, 51.82, 23.03, 17.93, 9.91, 9.59, 6.61, 4.88, 5.51, 5.93, 3.96, 4.81, 3.44, 2.13, 2.76, 1.77, 2.15, 2.67, 2.30, 1.54, 3.30, 1.38, 0.91, 2.37, 0.89, 1.68, 0.57, 1.64, 1.32, 1.77, 2.93, 4.40, 5.88, 5.71, 6.01, 5.42, ],
[4.32, 0.81, 2.37, 2.37, 1.93, 2.99, 2.01, 2.18, 2.24, 3.10, 1.92, 0.63, 2.12, 0.85, 0.81, 2.10, 2.28, 33.05, 71.72, 99.86, 103.71, 43.88, 46.91, 24.01, 18.90, 12.80, 13.23, 18.18, 14.70, 9.76, 34.00, 62.81, 46.21, 29.58, 19.28, 5.12, 7.82, 1.51, 3.07, 2.43, 1.99, 1.78, 1.35, 1.91, 2.95, 2.50, 2.03, 2.80, 3.64, 3.28, 3.54, 2.40, 3.51, 5.68, 3.50, 4.84, 5.05, 4.39, 5.19, 5.91, 4.06, 4.17, 4.54, 6.51, ],
[5.77, 3.26, 4.56, 4.57, 4.10, 5.92, 4.27, 4.13, 4.53, 2.78, 4.37, 5.58, 6.44, 4.60, 3.80, 4.64, 3.86, 15.95, 88.63, 96.71, 62.57, 31.49, 31.59, 11.61, 11.94, 9.70, 14.50, 16.79, 13.19, 9.71, 34.60, 50.31, 43.46, 33.95, 25.18, 16.95, 9.19, 4.17, 4.26, 3.33, 2.35, 2.22, 3.22, 2.88, 2.65, 3.54, 3.24, 3.51, 1.94, 3.39, 2.33, 2.74, 3.72, 3.47, 3.60, 3.94, 3.17, 3.57, 3.45, 4.29, 4.02, 3.97, 5.26, 4.36, ],
[7.01, 5.21, 6.03, 6.88, 4.85, 4.39, 6.60, 4.65, 5.96, 6.14, 5.68, 6.05, 6.94, 7.04, 5.83, 5.78, 7.03, 4.59, 7.28, 72.95, 93.53, 111.46, 61.45, 46.96, 39.96, 17.02, 14.37, 12.54, 15.17, 18.82, 13.74, 7.23, 24.96, 38.65, 42.18, 37.11, 22.55, 20.47, 15.29, 6.07, 2.06, 3.74, 3.13, 3.91, 3.10, 2.34, 4.03, 3.67, 3.90, 4.50, 3.88, 3.83, 5.35, 6.24, 4.69, 5.52, 7.22, 6.63, 5.48, 5.45, 6.73, 6.88, 6.98, 6.57, ],
[4.17, 4.43, 4.11, 5.00, 4.96, 4.80, 3.90, 3.80, 4.24, 3.59, 4.88, 5.56, 4.43, 4.85, 2.10, 3.54, 8.86, 53.23, 84.67, 90.20, 28.39, 38.41, 12.62, 12.66, 9.79, 14.19, 15.92, 17.41, 9.65, 8.06, 32.85, 38.24, 35.40, 26.79, 17.62, 12.73, 7.84, 2.53, 3.04, 2.76, 2.66, 2.68, 2.45, 2.13, 3.89, 4.21, 3.11, 4.11, 2.66, 3.10, 3.35, 4.44, 4.39, 5.10, 5.28, 6.29, 5.52, 5.32, 6.27, 5.98, 5.48, 5.53, 6.71, 7.02, ],
[6.42, 6.41, 5.63, 5.80, 6.74, 5.90, 6.76, 6.53, 6.50, 6.97, 7.40, 6.05, 5.14, 6.53, 5.83, 6.33, 7.03, 5.99, 6.32, 7.78, 5.92, 6.86, 6.96, 6.20, 6.22, 7.29, 6.98, 5.27, 7.43, 7.17, 6.76, 7.80, 7.07, 5.51, 9.18, 64.32, 98.68, 127.95, 79.60, 62.10, 44.77, 25.77, 17.15, 13.74, 24.27, 26.81, 15.14, 7.79, 41.33, 42.91, 38.77, 32.36, 18.22, 17.54, 4.39, 2.73, 2.34, 3.71, 3.05, 2.79, 2.59, 2.21, 3.30, 3.48, ],
[2.64, 1.90, 1.03, 0.41, 0.86, 0.84, 1.33, 0.32, 0.57, 2.20, 2.16, 1.39, 0.62, 1.54, 2.39, 1.96, 0.91, 11.49, 28.44, 70.57, 71.16, 34.89, 34.13, 14.80, 13.01, 16.06, 14.65, 17.15, 18.25, 10.74, 14.16, 44.22, 41.17, 33.13, 37.27, 21.13, 19.37, 6.45, 5.69, 4.14, 2.29, 3.70, 4.44, 2.90, 2.15, 4.12, 3.26, 3.18, 4.21, 4.63, 4.81, 4.25, 2.92, 4.41, 4.85, 3.83, 3.23, 4.03, 3.37, 3.48, 4.30, 4.47, 3.18, 3.77, ],
[4.03, 4.15, 4.11, 4.11, 3.06, 2.68, 2.68, 2.82, 2.13, 2.02, 3.46, 3.15, 1.87, 2.71, 2.65, 1.60, 1.23, 0.85, 9.91, 51.77, 84.90, 57.17, 35.39, 26.33, 15.00, 13.44, 9.49, 13.11, 17.31, 14.49, 6.91, 21.39, 35.77, 36.76, 31.30, 26.12, 17.15, 15.21, 4.53, 3.30, 2.32, 1.14, 1.29, 2.02, 1.25, 2.04, 1.32, 2.03, 1.61, 1.72, 3.65, 2.50, 2.98, 3.65, 4.11, 4.72, 3.83, 4.29, 3.96, 3.60, 3.19, 3.25, 4.16, 3.99, ],
[3.57, 1.24, 3.49, 2.76, 2.04, 3.66, 1.92, 4.34, 3.44, 2.87, 4.73, 3.11, 3.79, 2.95, 4.37, 4.28, 3.03, 5.60, 4.44, 3.93, 4.20, 3.23, 3.19, 3.72, 2.67, 5.03, 42.34, 89.85, 82.68, 34.82, 44.26, 10.96, 14.60, 11.07, 10.71, 14.08, 12.18, 11.42, 4.75, 35.25, 33.31, 29.24, 26.97, 24.49, 19.02, 6.96, 3.48, 1.95, 2.49, 1.47, 1.55, 1.56, 0.94, 0.79, 1.19, 1.65, 1.68, 1.01, 0.88, 0.93, 0.87, 0.67, 1.80, 1.20, ],
[3.43, 4.40, 4.58, 3.71, 4.84, 3.51, 4.11, 4.61, 5.09, 4.32, 5.40, 5.14, 3.60, 3.37, 3.11, 20.33, 51.40, 69.95, 71.71, 40.53, 35.41, 17.68, 14.92, 11.81, 12.01, 16.63, 11.79, 11.12, 6.64, 48.75, 47.96, 35.49, 33.72, 24.33, 13.51, 6.79, 3.03, 2.33, 2.37, 1.39, 2.01, 2.40, 0.91, 2.34, 2.47, 1.10, 2.91, 1.93, 2.03, 2.61, 1.73, 1.00, 2.14, 1.84, 0.76, 1.83, 2.57, 1.11, 1.77, 2.08, 0.92, 0.88, 1.62, 1.57, ],
[4.66, 3.71, 3.51, 4.14, 1.34, 4.39, 5.17, 3.15, 5.57, 4.82, 5.00, 5.31, 5.63, 6.26, 4.73, 6.82, 5.41, 4.82, 6.72, 4.77, 13.23, 43.31, 59.35, 56.11, 36.40, 20.32, 13.24, 10.54, 12.96, 10.78, 17.95, 14.56, 8.04, 42.15, 42.20, 49.86, 37.65, 31.06, 25.60, 13.10, 6.85, 2.91, 2.06, 2.26, 1.34, 2.42, 1.52, 0.95, 1.23, 1.15, 1.11, 1.19, 1.41, 1.70, 1.24, 1.26, 1.17, 1.87, 0.64, 0.87, 2.87, 0.22, 1.23, 2.41, ],
[2.62, 1.23, 1.52, 3.32, 1.11, 2.70, 3.12, 2.28, 3.57, 2.12, 4.17, 3.34, 2.98, 1.77, 0.47, 4.59, 17.56, 54.92, 62.88, 40.14, 21.22, 15.02, 10.16, 8.60, 13.97, 15.35, 14.25, 13.73, 6.39, 39.55, 46.06, 45.36, 37.17, 29.18, 21.79, 5.02, 6.03, 2.69, 2.51, 2.82, 2.43, 1.80, 2.86, 3.53, 2.17, 2.05, 3.74, 2.76, 3.31, 4.28, 4.74, 3.51, 3.70, 6.03, 5.26, 4.20, 6.12, 3.61, 5.59, 2.61, 2.58, 3.28, 2.77, 3.54, ],
[0.44, 1.19, 0.66, 0.84, 0.88, 1.36, 1.17, 2.58, 1.50, 1.86, 3.16, 0.94, 1.07, 1.06, 5.01, 19.64, 67.63, 64.03, 40.09, 31.11, 15.65, 11.14, 8.22, 5.04, 11.34, 17.70, 14.44, 15.34, 5.22, 42.25, 43.50, 36.91, 27.10, 18.33, 13.86, 9.07, 4.11, 3.34, 2.15, 2.00, 1.55, 1.01, 0.76, 1.00, 1.27, 0.72, 0.80, 0.78, 0.60, 1.59, 1.18, 1.50, 0.87, 1.21, 2.29, 2.22, 2.61, 1.92, 2.43, 1.49, 0.88, 1.12, 1.33, 1.26, ],
[1.60, 1.00, 1.44, 1.01, 1.05, 1.02, 1.02, 0.84, 0.53, 1.88, 1.26, 2.19, 2.15, 3.55, 1.93, 2.81, 3.94, 2.39, 4.33, 3.41, 5.17, 5.31, 2.83, 3.93, 3.90, 8.83, 87.54, 96.58, 100.10, 53.06, 48.71, 30.93, 18.19, 11.94, 15.56, 18.66, 19.34, 10.16, 7.65, 35.97, 36.08, 24.85, 19.57, 15.03, 6.48, 5.12, 3.88, 2.55, 2.74, 1.71, 1.28, 1.15, 1.22, 1.51, 1.11, 1.91, 2.21, 1.87, 0.56, 0.79, 1.10, 0.75, 0.49, 0.91, ],
[1.67, 1.80, 1.44, 0.22, 0.48, 1.76, 0.98, 0.78, 0.27, 0.80, 1.78, 1.00, 1.51, 1.73, 0.95, 1.24, 0.72, 1.99, 0.74, 56.20, 66.16, 97.53, 79.96, 50.35, 33.70, 22.38, 14.76, 7.99, 9.50, 12.61, 12.20, 10.30, 5.95, 37.60, 37.73, 31.87, 28.31, 24.63, 15.56, 4.31, 3.79, 2.16, 2.56, 1.36, 1.72, 2.56, 2.27, 1.19, 1.12, 1.24, 2.33, 2.64, 1.93, 1.18, 1.86, 2.20, 1.20, 2.11, 1.51, 3.29, 1.48, 1.37, 2.50, 1.92, ],
[4.41, 2.86, 4.33, 0.94, 2.53, 3.19, 1.18, 2.94, 0.34, 1.46, 0.97, 0.70, 1.01, 1.62, 0.75, 2.12, 2.83, 3.90, 2.21, 2.26, 3.04, 2.50, 3.34, 1.85, 51.98, 67.78, 66.23, 34.31, 25.89, 23.54, 11.36, 9.33, 9.58, 10.97, 13.15, 10.91, 6.91, 32.50, 52.16, 48.93, 43.37, 34.18, 31.01, 27.57, 13.50, 12.21, 2.05, 2.03, 1.84, 1.29, 1.44, 1.13, 1.30, 1.78, 0.75, 1.39, 0.87, 1.12, 1.51, 1.44, 1.16, 2.30, 2.87, 3.15, ],
[2.33, 3.50, 3.05, 2.33, 0.59, 3.60, 3.41, 1.52, 3.48, 1.41, 2.40, 2.04, 1.21, 0.70, 3.62, 1.37, 1.37, 2.75, 2.53, 2.83, 2.70, 2.93, 2.52, 3.58, 2.24, 1.87, 2.58, 16.09, 65.48, 70.46, 46.07, 24.30, 19.15, 12.10, 6.85, 10.69, 12.96, 14.80, 13.27, 21.53, 50.00, 54.44, 43.40, 41.38, 25.77, 18.15, 6.79, 5.15, 1.02, 2.33, 3.17, 2.11, 1.09, 1.27, 1.59, 0.59, 0.84, 1.69, 1.14, 1.42, 2.58, 0.42, 1.27, 2.21, ],
[4.60, 4.69, 4.09, 5.42, 4.69, 2.70, 4.81, 4.45, 4.94, 2.09, 4.52, 3.51, 3.82, 2.37, 2.87, 2.35, 2.99, 6.94, 46.21, 67.26, 77.82, 42.17, 29.61, 22.16, 13.74, 10.53, 13.29, 12.71, 17.76, 15.42, 5.93, 37.98, 35.71, 38.24, 24.94, 27.96, 21.18, 11.72, 3.74, 2.76, 2.25, 2.29, 1.08, 2.28, 1.54, 1.22, 2.78, 1.61, 2.25, 2.32, 2.41, 1.79, 3.10, 2.07, 1.74, 4.14, 1.20, 3.05, 4.83, 1.92, 2.14, 2.09, 2.91, 3.09, ],
[0.58, 1.86, 0.44, 1.04, 1.09, 0.72, 0.49, 0.41, 0.79, 1.61, 0.88, 0.91, 0.79, 1.21, 0.98, 2.06, 0.70, 19.44, 76.07, 93.24, 68.80, 49.65, 33.02, 26.41, 12.43, 8.99, 15.18, 13.67, 10.78, 10.09, 8.94, 33.57, 29.78, 30.40, 29.24, 16.97, 15.81, 14.57, 5.42, 4.65, 2.98, 1.86, 1.93, 1.35, 3.01, 0.92, 1.90, 0.88, 0.23, 2.49, 0.62, 1.50, 0.81, 0.36, 1.12, 1.19, 0.54, 1.08, 1.30, 0.78, 2.34, 1.92, 3.12, 1.71, ],
[2.71, 2.00, 2.20, 2.39, 1.45, 0.93, 2.15, 2.08, 1.54, 1.96, 2.69, 1.53, 1.82, 3.21, 1.95, 5.30, 3.58, 2.98, 3.17, 3.98, 4.94, 43.96, 63.10, 70.72, 70.91, 33.78, 17.85, 16.78, 9.88, 10.37, 12.24, 12.33, 10.32, 5.14, 15.78, 36.37, 38.99, 32.77, 29.93, 25.56, 17.45, 4.93, 5.42, 4.41, 3.53, 2.45, 3.05, 3.30, 4.50, 4.12, 3.08, 3.13, 4.64, 2.19, 3.09, 4.22, 2.92, 3.93, 3.16, 4.67, 3.66, 4.79, 3.46, 4.03, ],
[4.35, 4.23, 1.91, 2.92, 3.68, 1.18, 1.43, 0.74, 0.88, 1.42, 1.52, 0.92, 3.46, 3.15, 4.97, 4.90, 23.93, 61.66, 66.54, 78.75, 41.42, 17.84, 15.58, 10.81, 8.10, 11.68, 15.41, 17.43, 9.67, 5.94, 33.09, 33.92, 29.09, 31.58, 19.45, 19.63, 10.41, 3.85, 3.03, 2.16, 1.86, 1.48, 1.76, 1.30, 1.94, 2.37, 1.45, 1.06, 1.10, 1.14, 2.12, 2.62, 1.93, 3.80, 2.65, 2.90, 3.59, 3.14, 3.58, 2.47, 3.34, 4.29, 3.01, 6.06, ],
[2.04, 0.73, 1.38, 0.85, 2.23, 0.93, 1.17, 1.02, 1.99, 2.99, 2.35, 2.26, 1.72, 1.06, 1.16, 6.03, 33.06, 56.93, 65.09, 37.70, 10.62, 10.79, 7.46, 7.16, 13.29, 19.20, 22.23, 10.00, 4.81, 36.54, 37.06, 33.01, 32.49, 29.22, 18.03, 6.20, 4.90, 2.61, 2.62, 1.46, 2.04, 1.17, 1.57, 1.08, 1.87, 0.82, 1.22, 2.10, 1.07, 2.25, 1.28, 3.03, 2.58, 0.80, 2.37, 2.27, 1.68, 2.97, 2.55, 2.86, 0.58, 2.07, 1.92, 2.66, ],
[5.81, 4.29, 4.68, 6.67, 3.80, 4.50, 3.19, 3.11, 4.80, 3.60, 3.82, 2.73, 2.99, 2.08, 3.92, 3.32, 3.87, 3.06, 2.27, 3.84, 3.03, 6.23, 58.91, 57.13, 54.17, 27.24, 14.63, 10.80, 6.10, 6.28, 9.48, 16.24, 13.78, 12.07, 15.94, 34.62, 44.06, 30.60, 33.53, 22.45, 14.72, 6.67, 3.75, 3.55, 2.86, 2.18, 1.27, 1.77, 1.03, 1.31, 0.56, 1.47, 0.72, 1.47, 0.88, 1.82, 1.96, 0.44, 1.52, 1.29, 1.44, 1.11, 0.73, 0.92, ],
[0.81, 1.10, 1.51, 1.94, 1.21, 1.48, 0.93, 1.44, 1.53, 0.94, 2.26, 1.28, 1.50, 1.86, 0.57, 1.22, 0.82, 13.66, 61.05, 58.99, 52.30, 15.68, 14.55, 8.48, 4.82, 4.51, 13.17, 14.31, 12.40, 7.78, 11.82, 39.76, 32.79, 30.54, 28.10, 23.51, 16.57, 11.77, 7.01, 3.10, 2.32, 2.24, 1.61, 1.48, 1.76, 1.63, 1.02, 1.74, 1.48, 1.15, 1.91, 1.07, 0.50, 2.33, 1.03, 2.06, 1.83, 1.23, 0.28, 0.81, 1.04, 0.84, 0.70, 0.81, ],
[0.74, 2.15, 0.78, 0.59, 0.77, 1.29, 0.85, 1.03, 1.25, 2.20, 0.86, 1.81, 2.08, 1.56, 2.80, 0.88, 0.89, 2.72, 8.69, 58.55, 63.92, 61.28, 30.93, 15.36, 7.95, 6.04, 4.82, 9.18, 11.91, 14.58, 11.40, 5.33, 46.76, 49.99, 37.15, 36.45, 28.88, 29.25, 20.04, 4.23, 4.16, 1.91, 3.06, 2.97, 2.61, 2.27, 1.85, 1.55, 2.45, 3.90, 3.54, 3.06, 3.51, 4.66, 3.93, 5.04, 6.01, 3.91, 7.03, 6.69, 4.80, 7.59, 7.22, 5.82, ],
[0.52, 0.70, 0.78, 0.67, 0.41, 0.91, 1.75, 0.86, 1.39, 1.86, 1.10, 3.92, 1.93, 1.19, 0.78, 8.35, 67.17, 65.75, 60.40, 40.01, 17.58, 13.44, 8.31, 8.94, 8.80, 10.30, 9.90, 9.54, 14.38, 38.17, 30.18, 32.39, 27.32, 24.27, 17.20, 8.03, 2.26, 2.49, 1.95, 2.09, 1.35, 1.91, 1.00, 1.26, 1.00, 0.52, 2.00, 1.41, 2.16, 1.44, 1.62, 1.62, 3.59, 1.43, 3.32, 2.21, 1.65, 1.25, 3.49, 0.66, 1.19, 1.91, 0.62, 1.95, ],
[3.58, 4.14, 4.56, 2.66, 3.82, 3.87, 2.01, 4.14, 2.49, 4.12, 1.97, 1.81, 1.56, 0.77, 8.04, 61.61, 63.97, 58.82, 54.53, 12.48, 11.26, 6.84, 6.23, 6.57, 9.24, 13.71, 10.97, 7.63, 3.64, 38.29, 38.45, 33.88, 32.37, 20.29, 21.97, 10.22, 7.46, 2.85, 3.31, 2.32, 1.21, 1.75, 1.06, 1.11, 1.25, 0.94, 2.14, 2.39, 0.76, 1.38, 2.05, 2.66, 4.58, 3.73, 3.50, 4.19, 4.55, 4.48, 5.64, 5.50, 4.74, 5.08, 4.45, 4.96, ],
[4.07, 0.62, 1.76, 2.13, 0.94, 2.42, 0.90, 4.16, 2.80, 2.26, 1.82, 1.48, 3.35, 0.55, 2.63, 2.30, 1.99, 7.57, 46.88, 69.55, 67.77, 24.59, 14.54, 6.95, 6.24, 6.77, 11.88, 19.49, 14.73, 12.11, 6.10, 45.21, 51.28, 44.60, 34.21, 30.65, 22.83, 11.65, 8.47, 3.60, 2.25, 3.66, 4.19, 1.52, 1.67, 1.59, 0.77, 3.52, 1.47, 2.37, 2.23, 2.88, 3.10, 1.69, 3.59, 3.28, 1.96, 4.21, 2.22, 3.57, 3.55, 3.30, 4.64, 3.85, ],
[5.01, 4.00, 5.71, 3.91, 3.69, 5.59, 3.83, 3.19, 3.02, 4.33, 4.33, 2.27, 2.86, 1.69, 3.79, 1.42, 2.80, 2.07, 2.68, 3.05, 4.06, 3.58, 4.29, 5.52, 2.78, 2.88, 2.42, 3.75, 26.38, 55.97, 57.00, 45.29, 12.51, 8.39, 4.90, 5.04, 6.54, 11.38, 11.47, 10.69, 3.14, 18.26, 43.06, 34.22, 38.18, 19.88, 23.00, 17.36, 3.74, 3.25, 3.29, 2.75, 2.05, 1.81, 3.22, 0.55, 3.13, 1.64, 1.93, 3.85, 1.19, 2.92, 1.64, 3.11, ],
[1.72, 1.26, 0.76, 3.47, 1.78, 2.65, 3.88, 3.24, 3.91, 4.42, 4.00, 3.38, 2.30, 5.07, 32.36, 69.75, 70.93, 50.68, 22.03, 9.36, 5.86, 5.54, 12.14, 16.81, 13.23, 14.01, 8.33, 31.24, 39.89, 30.57, 23.45, 18.74, 13.00, 3.88, 2.82, 2.75, 4.05, 2.05, 2.97, 3.12, 1.25, 3.06, 0.94, 3.12, 2.60, 0.57, 1.95, 0.50, 2.49, 1.68, 1.86, 2.91, 0.54, 2.46, 0.98, 2.14, 2.18, 0.61, 2.78, 1.82, 1.65, 1.91, 1.26, 0.76, ],
[1.18, 0.81, 0.74, 0.50, 0.88, 0.75, 0.74, 1.39, 1.19, 0.70, 0.96, 1.60, 1.39, 3.71, 45.18, 81.74, 82.59, 73.17, 35.02, 13.21, 10.28, 7.61, 5.18, 12.08, 18.69, 21.93, 16.47, 9.67, 27.53, 40.12, 35.38, 31.59, 28.76, 22.91, 19.38, 13.62, 4.53, 2.48, 1.77, 2.44, 2.36, 1.47, 1.04, 0.91, 2.37, 2.68, 1.77, 1.80, 2.45, 3.44, 2.39, 3.10, 1.91, 4.83, 4.12, 4.06, 4.84, 4.17, 4.45, 3.36, 5.39, 2.86, 4.13, 5.11, ],
[1.95, 1.25, 2.06, 0.64, 3.28, 0.72, 1.26, 1.98, 0.78, 2.06, 2.30, 2.49, 3.77, 1.52, 2.47, 2.11, 2.25, 16.43, 58.26, 65.26, 63.81, 26.66, 13.45, 5.68, 5.79, 5.62, 8.97, 16.99, 18.58, 14.91, 11.49, 31.98, 64.99, 55.89, 47.76, 40.98, 36.20, 20.31, 8.00, 6.26, 2.71, 3.27, 3.18, 1.98, 2.61, 1.45, 1.10, 1.57, 1.03, 1.44, 2.09, 1.20, 1.98, 2.01, 2.67, 0.60, 2.86, 3.08, 2.72, 3.11, 3.00, 2.27, 3.07, 1.95, ],
[0.91, 2.97, 1.01, 0.72, 1.42, 0.68, 1.18, 0.57, 1.39, 3.16, 2.71, 2.50, 2.33, 2.17, 2.69, 2.57, 3.52, 9.67, 67.88, 62.31, 66.90, 50.79, 20.98, 15.50, 9.24, 8.00, 10.86, 15.74, 22.22, 16.84, 9.94, 21.94, 33.96, 35.06, 31.76, 29.03, 25.05, 11.72, 5.27, 2.55, 1.11, 2.24, 1.62, 1.44, 0.98, 1.29, 3.44, 0.61, 1.87, 1.81, 1.01, 0.75, 0.89, 1.01, 1.23, 1.20, 0.99, 1.84, 1.63, 2.39, 1.70, 0.74, 3.76, 3.22, ],
[0.28, 1.94, 1.90, 2.00, 1.03, 0.56, 1.06, 2.64, 0.29, 2.08, 0.48, 0.72, 0.83, 1.23, 0.55, 0.91, 0.81, 0.52, 0.93, 1.10, 0.62, 1.30, 1.10, 1.83, 0.77, 10.26, 58.91, 63.81, 72.32, 48.56, 25.34, 16.75, 11.85, 8.05, 12.47, 12.88, 16.57, 11.38, 7.12, 33.39, 43.45, 35.48, 36.90, 28.86, 25.40, 20.24, 8.28, 4.21, 2.60, 2.79, 2.66, 1.42, 0.65, 3.54, 1.02, 0.94, 1.06, 0.68, 2.04, 0.85, 2.39, 2.63, 3.46, 3.47, ],
[3.70, 5.19, 2.75, 4.43, 2.94, 3.50, 2.39, 1.74, 2.76, 0.88, 1.16, 1.00, 0.62, 0.97, 0.39, 0.69, 0.72, 1.05, 40.47, 58.30, 67.24, 57.30, 19.08, 11.81, 6.61, 5.53, 6.35, 8.93, 17.71, 15.89, 14.65, 8.04, 41.68, 47.76, 38.78, 29.84, 22.55, 19.64, 7.77, 3.56, 3.32, 3.86, 2.43, 2.31, 2.30, 3.93, 2.90, 2.45, 2.83, 3.57, 3.62, 3.64, 3.53, 3.34, 7.31, 3.35, 7.36, 6.09, 6.82, 8.56, 7.13, 6.08, 4.78, 7.21, ],
[0.94, 2.13, 2.08, 0.76, 2.95, 1.90, 3.20, 1.75, 3.61, 3.85, 3.82, 4.64, 4.55, 2.68, 2.26, 3.36, 2.01, 52.45, 64.22, 82.46, 64.61, 26.31, 18.44, 11.13, 11.03, 16.45, 18.52, 19.13, 18.67, 13.01, 37.70, 39.37, 27.66, 27.22, 18.68, 7.48, 5.71, 2.78, 2.47, 2.31, 1.00, 0.82, 1.20, 0.96, 1.12, 1.71, 0.48, 0.61, 2.10, 1.55, 2.82, 2.29, 3.20, 0.91, 3.13, 3.93, 2.83, 4.38, 1.76, 3.71, 3.63, 3.15, 1.35, 3.18, ],
[0.66, 0.88, 0.54, 1.69, 1.36, 0.32, 1.70, 0.55, 1.59, 0.62, 1.39, 2.28, 0.43, 0.48, 0.63, 1.03, 4.24, 44.72, 57.55, 54.48, 16.78, 13.40, 10.72, 8.92, 13.25, 18.47, 14.79, 15.37, 37.29, 54.52, 44.63, 35.21, 24.15, 24.04, 7.24, 3.88, 1.54, 1.72, 1.74, 1.73, 1.25, 1.84, 0.72, 1.58, 1.23, 0.64, 3.93, 2.09, 4.81, 3.28, 5.41, 4.23, 4.97, 5.74, 4.31, 3.81, 4.71, 3.06, 3.08, 4.96, 1.73, 2.58, 3.57, 3.99, ],
[1.89, 1.68, 0.85, 2.83, 0.84, 1.62, 1.20, 0.98, 1.12, 1.30, 0.82, 0.76, 1.39, 0.80, 1.15, 1.75, 2.50, 0.58, 1.34, 0.86, 30.29, 80.87, 78.92, 62.69, 33.54, 17.85, 10.95, 9.23, 13.61, 16.18, 18.19, 8.23, 17.18, 30.12, 29.73, 19.19, 14.11, 11.46, 5.36, 2.72, 1.88, 0.80, 1.43, 2.32, 1.02, 3.70, 1.91, 1.90, 2.72, 1.02, 2.90, 3.12, 2.21, 3.11, 2.01, 4.98, 2.56, 2.86, 3.10, 1.84, 2.80, 2.40, 2.56, 3.46, ],
[3.89, 3.79, 1.86, 3.19, 4.72, 2.76, 2.86, 2.92, 3.30, 1.76, 2.54, 3.53, 1.01, 3.95, 4.02, 2.87, 2.28, 0.62, 20.93, 53.72, 64.59, 66.75, 28.72, 20.00, 10.33, 9.35, 8.39, 12.37, 15.98, 14.08, 7.14, 22.89, 33.37, 35.91, 19.24, 21.99, 10.25, 9.14, 4.01, 3.50, 1.83, 1.35, 1.69, 2.35, 1.02, 1.55, 0.81, 0.68, 2.15, 1.37, 1.72, 3.02, 1.47, 4.44, 1.83, 2.54, 1.94, 1.78, 2.03, 1.70, 1.87, 1.29, 0.91, 3.43, ],
[1.08, 2.72, 1.79, 0.57, 1.17, 1.12, 1.36, 1.83, 1.82, 1.22, 3.12, 0.54, 0.33, 2.52, 3.05, 0.94, 0.48, 0.80, 0.68, 32.52, 51.10, 56.51, 64.86, 43.43, 34.55, 15.45, 11.42, 9.63, 9.11, 15.61, 15.92, 16.59, 6.81, 25.04, 33.04, 29.31, 23.05, 18.51, 8.86, 5.44, 2.14, 3.46, 1.47, 1.70, 1.09, 2.22, 2.16, 1.54, 1.85, 1.99, 2.57, 2.24, 2.99, 2.78, 1.89, 1.54, 3.32, 1.53, 1.77, 2.79, 3.13, 1.91, 3.61, 3.44, ],
[1.38, 0.62, 1.49, 0.61, 1.14, 0.70, 1.05, 2.70, 0.88, 0.80, 0.75, 1.27, 0.44, 0.98, 1.08, 0.71, 2.22, 1.14, 0.60, 0.81, 1.02, 0.48, 2.12, 0.31, 0.95, 3.38, 1.32, 1.62, 2.71, 1.68, 1.38, 1.86, 4.30, 1.43, 0.68, 1.59, 0.61, 1.94, 0.94, 1.31, 3.10, 2.42, 2.46, 0.63, 2.97, 3.70, 1.02, 2.51, 2.20, 2.70, 3.72, 1.82, 3.42, 2.87, 3.07, 2.37, 1.20, 2.96, 1.94, 3.97, 3.90, 1.36, 2.31, 1.11, ],
[2.37, 0.68, 0.56, 1.06, 1.23, 0.91, 0.58, 1.08, 0.85, 0.99, 0.73, 2.49, 1.40, 0.84, 1.88, 7.74, 72.75, 68.66, 47.33, 34.20, 17.05, 12.59, 5.07, 5.89, 16.49, 28.35, 21.69, 22.49, 25.92, 45.62, 59.66, 52.16, 38.89, 35.07, 18.73, 7.44, 4.92, 2.84, 1.90, 3.64, 1.27, 3.06, 1.18, 1.11, 0.92, 1.19, 0.59, 1.62, 1.22, 2.96, 2.65, 1.83, 1.64, 1.37, 0.55, 3.02, 2.35, 2.88, 5.56, 3.63, 2.88, 2.98, 4.59, 3.63, ],
[0.77, 0.86, 0.43, 0.68, 0.85, 2.10, 2.38, 0.59, 1.06, 2.08, 1.68, 1.75, 0.66, 1.49, 2.19, 0.79, 1.70, 0.40, 1.72, 2.58, 1.75, 2.73, 1.64, 4.03, 1.54, 1.55, 1.63, 20.92, 57.90, 57.47, 48.56, 12.24, 10.74, 6.57, 3.83, 4.99, 8.98, 12.02, 17.10, 10.77, 6.43, 44.34, 34.89, 42.13, 32.96, 22.59, 22.71, 9.66, 5.62, 4.40, 2.61, 1.82, 1.54, 1.16, 0.91, 1.99, 4.80, 1.22, 4.58, 4.15, 3.26, 6.44, 3.42, 5.90, ],
[2.33, 1.56, 4.19, 1.60, 0.58, 1.43, 0.40, 0.78, 1.85, 0.88, 1.22, 2.69, 1.26, 4.39, 1.27, 2.33, 3.30, 1.93, 2.61, 3.23, 2.66, 2.92, 1.78, 1.83, 2.82, 2.37, 2.68, 1.21, 2.12, 1.33, 2.22, 2.12, 1.41, 2.27, 8.31, 46.98, 70.51, 67.33, 46.73, 16.07, 15.24, 12.49, 9.25, 10.16, 13.22, 18.47, 11.15, 5.61, 37.19, 38.84, 29.19, 29.77, 23.67, 15.29, 7.11, 4.92, 5.04, 2.71, 4.54, 4.94, 3.81, 3.28, 1.74, 1.28, ],
[2.21, 1.80, 3.19, 4.06, 3.06, 1.84, 2.56, 2.14, 3.49, 3.93, 3.26, 4.12, 4.54, 3.77, 0.98, 2.41, 6.29, 49.05, 54.54, 63.04, 60.67, 44.25, 13.71, 12.46, 8.62, 12.13, 13.05, 15.13, 14.30, 8.89, 5.92, 38.11, 41.85, 33.64, 28.38, 22.03, 23.77, 8.29, 4.67, 2.59, 3.05, 2.78, 2.26, 1.02, 3.93, 0.91, 1.06, 1.70, 2.26, 2.63, 0.72, 2.94, 2.65, 3.07, 2.08, 1.35, 3.80, 1.59, 1.41, 2.47, 3.33, 4.55, 2.46, 3.44, ],
[0.43, 2.62, 2.39, 1.52, 1.08, 2.46, 2.09, 1.35, 3.03, 0.70, 2.15, 2.83, 0.64, 3.43, 1.52, 2.91, 3.01, 1.47, 1.03, 1.63, 3.45, 9.10, 52.39, 53.71, 57.59, 57.20, 24.93, 14.49, 7.95, 5.35, 6.89, 7.68, 13.80, 15.61, 9.67, 6.26, 38.71, 44.89, 35.57, 31.74, 19.27, 19.61, 13.38, 8.62, 3.59, 4.51, 2.06, 1.56, 1.31, 1.11, 3.31, 1.42, 2.07, 2.45, 1.55, 1.35, 1.14, 1.59, 2.13, 1.78, 1.73, 2.87, 2.66, 3.41, ],
[1.71, 2.53, 2.11, 2.01, 5.20, 2.02, 1.03, 0.41, 0.62, 1.70, 1.04, 2.22, 1.07, 1.08, 0.90, 1.18, 1.90, 1.10, 0.96, 1.68, 0.51, 1.24, 1.21, 0.61, 0.57, 1.99, 0.98, 1.86, 23.39, 52.75, 47.76, 56.53, 47.44, 11.61, 14.71, 8.81, 4.80, 5.49, 10.05, 13.35, 13.10, 12.86, 5.93, 37.24, 43.58, 38.53, 35.94, 23.11, 24.80, 20.36, 9.57, 4.64, 4.21, 3.13, 2.90, 1.95, 1.79, 1.21, 0.90, 1.03, 0.73, 1.73, 1.16, 1.21, ],
[3.46, 2.07, 1.64, 1.78, 2.68, 2.34, 3.48, 1.77, 2.42, 3.25, 0.64, 0.91, 1.92, 1.54, 1.51, 2.80, 4.42, 12.44, 53.64, 64.61, 70.91, 67.83, 42.66, 18.71, 15.13, 10.54, 9.14, 17.02, 25.64, 17.77, 11.95, 6.78, 19.10, 41.44, 46.71, 37.50, 33.03, 21.66, 20.00, 8.67, 4.21, 2.58, 2.78, 1.70, 1.69, 0.97, 1.23, 1.33, 1.41, 1.17, 3.36, 1.00, 3.14, 2.33, 2.39, 4.16, 3.84, 3.58, 2.12, 6.35, 3.99, 4.68, 5.59, 3.23, ],
[1.60, 0.80, 1.71, 1.85, 1.86, 1.08, 1.06, 2.26, 0.33, 1.29, 1.32, 1.97, 0.70, 1.68, 0.84, 0.89, 0.62, 0.67, 61.11, 65.79, 72.65, 68.94, 42.44, 17.16, 12.91, 8.66, 7.46, 5.23, 16.87, 16.57, 8.03, 4.20, 36.83, 35.22, 29.90, 24.94, 17.19, 15.69, 7.81, 3.65, 3.43, 3.34, 1.55, 3.75, 0.94, 1.04, 1.70, 2.16, 1.27, 2.71, 1.59, 1.64, 4.13, 3.99, 3.48, 3.34, 3.78, 2.61, 2.44, 4.20, 4.00, 3.35, 3.48, 4.41, ],
[1.07, 1.33, 0.41, 1.50, 0.59, 0.74, 1.49, 1.76, 1.75, 2.16, 1.08, 0.72, 2.29, 2.00, 0.34, 1.00, 1.71, 7.32, 45.26, 65.30, 71.85, 59.03, 45.18, 18.83, 12.21, 7.68, 6.47, 12.83, 12.24, 14.18, 11.36, 7.34, 31.56, 29.67, 35.47, 21.70, 26.04, 17.31, 15.02, 3.49, 3.67, 4.49, 2.47, 1.66, 1.93, 1.52, 1.37, 1.80, 1.24, 0.94, 3.25, 0.81, 0.84, 3.86, 0.92, 1.46, 5.41, 0.64, 3.24, 3.89, 3.09, 2.60, 3.95, 4.30, ],
# === Voice data end ===
