# === Voice data start ===
[201.80, 322.47, 207.20, 196.93, 203.99, 186.24, 137.69, 281.23, 202.41, 154.20, 123.83, 95.52, 39.13, 41.93, 22.45, 14.36, 5.90, 5.89, 4.69, 5.78, 4.61, 2.51, 5.97, 6.60, 2.65, 2.54, 2.48, 3.68, 2.88, 6.18, 3.60, 4.62, ],
[188.90, 341.36, 269.37, 272.60, 231.62, 193.66, 178.97, 384.17, 225.20, 218.80, 139.99, 106.74, 54.81, 56.46, 19.31, 15.97, 8.47, 7.46, 5.48, 4.38, 5.05, 3.74, 2.33, 3.17, 4.30, 5.99, 3.37, 6.84, 7.66, 8.43, 4.26, 8.02, ],
[331.09, 241.49, 238.17, 210.79, 168.36, 398.77, 297.91, 250.55, 128.16, 124.19, 98.43, 26.79, 28.60, 17.31, 13.18, 7.80, 6.37, 10.67, 4.21, 2.41, 2.71, 4.22, 6.48, 7.98, 14.18, 3.28, 5.75, 5.36, 14.05, 12.65, 10.87, 11.33, ],
[247.58, 181.58, 149.69, 317.13, 243.10, 143.18, 133.72, 101.08, 43.12, 31.13, 20.67, 14.63, 9.42, 7.18, 5.39, 5.60, 8.96, 6.30, 6.11, 3.44, 2.84, 3.49, 2.59, 4.59, 6.13, 3.60, 3.33, 4.53, 7.09, 7.25, 5.68, 5.26, ],
[361.96, 264.80, 191.19, 151.61, 118.72, 47.22, 50.72, 18.39, 16.09, 6.73, 7.37, 5.45, 4.55, 4.77, 2.85, 4.52, 4.84, 3.33, 3.09, 4.35, 3.47, 4.23, 3.78, 3.89, 6.17, 4.64, 4.84, 4.76, 4.97, 5.29, 5.63, 5.77, ],
[202.19, 377.43, 308.86, 289.87, 269.91, 226.33, 190.06, 414.89, 293.04, 226.29, 127.05, 110.62, 98.26, 60.70, 30.38, 18.48, 13.32, 5.45, 6.76, 7.33, 5.83, 3.76, 4.33, 2.28, 3.17, 3.73, 7.32, 4.84, 3.31, 3.45, 3.97, 3.40, ],
[201.28, 385.68, 315.01, 283.64, 252.99, 209.36, 180.30, 416.16, 293.81, 228.35, 125.89, 106.60, 96.36, 59.00, 27.92, 18.28, 13.90, 5.00, 8.08, 4.21, 3.83, 3.71, 3.40, 7.21, 4.00, 2.31, 3.31, 5.73, 3.50, 5.45, 4.05, 3.89, ],
[188.23, 159.65, 117.53, 84.40, 57.90, 29.37, 17.16, 9.88, 6.30, 5.65, 4.39, 4.06, 7.20, 5.64, 6.99, 9.77, 8.94, 11.62, 13.48, 19.29, 17.99, 13.14, 15.58, 21.25, 20.03, 19.90, 25.42, 27.23, 22.90, 25.41, 23.32, 21.13, ],
[166.31, 300.89, 250.24, 230.89, 208.45, 180.26, 162.31, 321.28, 197.36, 187.22, 120.33, 95.06, 45.67, 52.68, 16.01, 17.87, 15.03, 10.85, 7.08, 9.07, 4.42, 3.80, 7.76, 12.00, 9.10, 5.99, 6.36, 3.56, 4.07, 10.87, 9.96, 10.63, ],
[153.60, 234.28, 255.99, 210.86, 187.27, 168.42, 143.18, 355.09, 258.63, 174.94, 101.50, 105.58, 72.42, 34.90, 23.44, 17.07, 10.34, 9.72, 8.66, 4.20, 3.03, 5.70, 3.59, 5.10, 6.20, 4.09, 3.39, 2.73, 3.71, 2.72, 3.51, 5.35, ],
[160.73, 277.66, 253.24, 214.93, 207.84, 157.92, 168.54, 425.46, 230.46, 169.29, 134.95, 88.53, 68.42, 40.30, 22.99, 16.50, 8.54, 8.60, 5.48, 8.22, 7.75, 11.31, 12.37, 6.21, 4.38, 8.40, 7.07, 7.23, 6.44, 3.33, 3.94, 6.05, ],
[150.37, 234.56, 249.04, 229.62, 204.52, 174.84, 141.57, 374.95, 265.04, 179.10, 102.15, 105.24, 74.12, 35.84, 24.04, 16.17, 10.11, 9.90, 4.44, 4.01, 5.26, 3.45, 5.08, 2.05, 2.68, 8.14, 2.54, 4.29, 6.85, 4.41, 5.08, 2.86, ],
[156.47, 265.94, 225.96, 215.55, 212.31, 153.96, 157.77, 404.97, 212.94, 162.16, 128.63, 86.14, 66.93, 40.31, 22.38, 15.46, 7.84, 6.02, 4.25, 3.40, 3.18, 2.41, 5.41, 2.61, 2.06, 4.29, 2.73, 3.13, 5.33, 4.34, 4.11, 3.03, ],
[202.27, 285.21, 237.05, 219.13, 208.13, 205.65, 143.69, 304.90, 193.34, 151.93, 108.22, 91.48, 34.47, 45.62, 13.40, 13.01, 5.62, 5.43, 6.87, 4.96, 8.79, 3.22, 2.50, 3.04, 4.71, 10.43, 6.15, 7.66, 2.77, 3.43, 4.51, 7.24, ],
[172.04, 303.13, 229.91, 235.86, 191.02, 163.63, 147.95, 322.59, 204.12, 185.01, 118.59, 94.03, 42.70, 51.22, 15.67, 14.49, 7.41, 4.34, 3.13, 3.63, 2.81, 2.34, 5.06, 2.01, 1.70, 5.24, 3.65, 3.07, 2.83, 2.45, 2.90, 3.79, ],
[201.76, 296.09, 243.12, 234.56, 217.04, 209.87, 147.69, 300.94, 194.97, 155.28, 108.54, 91.37, 34.67, 46.63, 13.22, 13.48, 6.57, 5.24, 4.60, 5.60, 8.59, 6.69, 2.80, 4.52, 2.87, 2.61, 6.68, 6.90, 5.78, 6.36, 7.88, 5.83, ],
[201.80, 322.47, 207.20, 196.93, 203.99, 186.24, 137.69, 281.23, 202.41, 154.20, 123.83, 95.52, 39.13, 41.93, 22.45, 14.36, 5.90, 5.89, 4.69, 5.78, 4.61, 2.51, 5.97, 6.60, 2.65, 2.54, 2.48, 3.68, 2.88, 6.18, 3.60, 4.62, ],
[204.22, 277.66, 228.57, 216.81, 204.83, 205.79, 161.84, 276.86, 203.55, 148.60, 119.96, 90.79, 62.53, 47.61, 21.67, 12.31, 8.01, 4.87, 6.00, 4.91, 2.52, 2.56, 6.15, 3.36, 1.92, 4.46, 2.89, 6.36, 6.36, 4.10, 3.83, 3.37, ],
[203.46, 319.53, 250.58, 209.39, 201.04, 199.49, 146.53, 293.35, 251.48, 157.90, 102.62, 93.01, 68.67, 41.33, 22.78, 15.39, 8.60, 4.97, 5.41, 4.50, 3.74, 2.91, 2.23, 6.20, 3.04, 4.64, 3.14, 2.86, 4.76, 3.60, 2.86, 3.61, ],
[155.31, 277.52, 256.69, 215.10, 225.12, 150.65, 144.63, 394.33, 252.74, 156.70, 113.67, 80.06, 82.48, 37.87, 19.84, 15.88, 11.66, 5.14, 6.51, 4.09, 4.53, 2.65, 2.24, 2.44, 2.61, 3.67, 7.16, 2.23, 4.83, 3.90, 3.25, 3.70, ],
[188.83, 313.57, 264.54, 239.42, 232.83, 170.18, 138.87, 316.45, 227.28, 172.44, 100.19, 90.63, 76.61, 49.19, 24.09, 14.34, 10.55, 5.05, 5.54, 3.70, 3.82, 3.16, 3.13, 3.62, 4.94, 2.08, 2.80, 5.71, 2.77, 4.71, 2.98, 6.74, ],
[199.90, 327.82, 235.83, 221.55, 218.35, 201.51, 136.66, 279.68, 193.03, 147.97, 121.81, 92.36, 38.25, 40.76, 13.26, 15.06, 5.23, 5.19, 3.77, 3.74, 2.41, 3.74, 2.24, 2.36, 2.81, 3.21, 3.90, 2.74, 4.29, 2.99, 2.75, 3.53, ],
[198.05, 290.42, 235.00, 214.09, 207.89, 202.61, 177.90, 265.36, 181.16, 148.77, 99.03, 86.04, 30.02, 44.05, 12.87, 12.61, 5.46, 6.25, 3.90, 3.48, 5.33, 2.54, 1.90, 2.37, 2.30, 1.75, 2.89, 2.27, 2.91, 2.58, 2.87, 4.45, ],
[198.86, 319.99, 239.87, 220.02, 201.21, 185.48, 126.17, 289.21, 203.62, 152.83, 124.84, 92.43, 38.30, 40.31, 13.29, 14.72, 5.44, 4.85, 7.18, 3.57, 3.17, 2.81, 3.88, 2.43, 1.98, 4.76, 3.65, 3.06, 4.81, 5.42, 3.51, 4.11, ],
[201.16, 326.48, 235.13, 218.19, 223.95, 201.47, 138.73, 306.52, 195.67, 150.75, 122.28, 92.67, 38.61, 39.99, 12.66, 14.51, 5.15, 5.48, 3.46, 3.46, 2.50, 3.09, 3.38, 2.52, 2.76, 2.77, 3.92, 3.94, 2.31, 2.48, 2.67, 3.91, ],
[176.33, 320.04, 229.48, 218.19, 213.04, 180.84, 160.76, 298.38, 183.15, 165.23, 107.59, 87.04, 39.63, 47.18, 15.79, 13.98, 7.49, 6.55, 3.25, 3.12, 4.96, 5.04, 2.71, 2.50, 3.62, 2.35, 1.75, 2.78, 2.45, 2.59, 4.04, 3.09, ],
[188.41, 309.61, 262.81, 217.99, 211.43, 181.23, 159.45, 319.79, 189.06, 167.66, 109.96, 88.77, 38.78, 47.30, 14.33, 13.67, 7.12, 3.96, 2.03, 3.75, 2.42, 2.54, 4.73, 2.34, 1.71, 2.44, 2.35, 2.16, 2.96, 3.52, 3.37, 3.03, ],
[198.41, 309.06, 241.23, 232.29, 240.93, 225.08, 147.60, 303.69, 201.71, 153.49, 123.71, 91.69, 38.26, 39.70, 13.46, 15.63, 4.78, 5.08, 2.80, 4.26, 4.62, 4.21, 1.83, 2.56, 4.44, 2.49, 2.12, 2.23, 5.04, 5.33, 2.99, 3.99, ],
[151.92, 276.54, 243.85, 244.69, 208.64, 159.56, 166.17, 392.51, 203.33, 153.77, 120.25, 78.46, 63.31, 39.26, 21.78, 13.82, 7.13, 6.37, 4.13, 3.21, 5.29, 6.44, 8.10, 7.38, 6.99, 4.05, 5.45, 5.80, 3.43, 4.24, 7.56, 3.56, ],
[172.71, 306.78, 247.59, 233.49, 219.05, 176.15, 155.56, 311.32, 195.13, 164.28, 108.74, 93.53, 40.51, 48.48, 14.88, 13.11, 6.73, 3.94, 3.26, 3.53, 4.02, 3.35, 4.58, 2.75, 3.38, 5.59, 4.83, 5.49, 4.82, 6.17, 4.38, 5.94, ],
[185.67, 310.64, 247.83, 212.18, 202.24, 174.86, 153.10, 293.09, 194.13, 163.22, 108.60, 95.64, 40.08, 48.16, 15.55, 14.01, 7.66, 4.86, 3.43, 4.25, 3.02, 3.37, 2.35, 5.09, 2.19, 2.38, 3.18, 6.76, 2.19, 4.26, 2.71, 4.02, ],
[172.91, 303.53, 245.82, 203.62, 179.54, 160.51, 133.14, 290.10, 216.85, 165.83, 97.89, 92.88, 71.33, 46.68, 21.68, 13.32, 11.85, 4.51, 5.40, 3.34, 3.37, 3.52, 1.69, 4.15, 2.47, 1.98, 2.18, 2.73, 4.18, 2.39, 3.03, 3.32, ],
[191.65, 316.21, 252.47, 226.22, 194.65, 196.56, 143.79, 300.99, 250.66, 152.35, 109.39, 90.27, 66.79, 38.74, 23.72, 13.07, 8.30, 6.06, 4.48, 3.91, 5.57, 4.42, 2.29, 4.11, 3.20, 2.77, 3.32, 6.08, 2.82, 3.47, 2.57, 3.18, ],
[201.55, 302.64, 244.66, 219.55, 196.73, 194.40, 141.87, 301.98, 242.68, 147.16, 104.99, 90.48, 68.06, 39.83, 23.41, 14.29, 8.60, 5.13, 4.12, 4.42, 5.24, 3.36, 4.05, 3.41, 1.85, 1.83, 3.22, 2.78, 2.66, 6.40, 4.17, 2.92, ],
[154.08, 272.10, 237.23, 226.41, 237.21, 154.55, 148.08, 337.40, 229.19, 147.12, 105.49, 79.08, 79.27, 41.62, 17.95, 13.82, 11.27, 6.38, 6.52, 5.36, 4.42, 4.12, 3.05, 2.38, 2.71, 4.37, 2.25, 5.74, 4.73, 3.27, 3.96, 2.90, ],
[199.91, 308.73, 233.54, 201.19, 206.39, 194.99, 130.08, 297.89, 186.70, 144.27, 117.37, 89.17, 37.40, 38.26, 12.28, 14.01, 5.29, 7.88, 4.03, 5.21, 3.34, 5.84, 4.14, 3.63, 2.01, 2.37, 2.39, 2.17, 3.25, 3.62, 2.87, 3.70, ],
[196.51, 293.62, 233.75, 230.87, 219.20, 205.34, 134.67, 297.98, 193.12, 146.22, 119.10, 91.03, 38.02, 39.51, 12.10, 13.89, 6.58, 6.28, 3.91, 4.00, 2.89, 3.28, 2.21, 5.81, 4.57, 4.12, 2.98, 2.41, 3.03, 3.34, 5.62, 4.00, ],
[199.15, 318.23, 254.71, 250.93, 227.81, 211.78, 141.10, 311.02, 188.32, 145.15, 115.25, 89.12, 37.87, 38.96, 11.95, 12.89, 4.47, 5.68, 4.07, 5.51, 2.52, 2.84, 3.93, 3.99, 3.22, 1.76, 4.00, 2.26, 2.94, 3.45, 3.16, 3.23, ],
[156.13, 276.76, 219.48, 214.79, 199.20, 155.31, 159.46, 343.17, 191.78, 149.12, 119.29, 80.28, 63.58, 43.27, 20.94, 13.63, 8.69, 5.30, 6.12, 4.21, 8.25, 2.79, 1.92, 2.01, 2.28, 2.31, 3.37, 2.72, 2.91, 2.29, 5.32, 3.02, ],
[187.64, 296.74, 242.57, 206.76, 201.47, 173.19, 151.60, 295.71, 197.32, 163.68, 108.78, 96.44, 40.21, 47.39, 14.89, 13.69, 7.76, 5.88, 5.38, 3.82, 3.59, 2.99, 2.97, 1.94, 2.06, 2.57, 2.14, 3.47, 3.28, 3.08, 2.97, 4.05, ],
[155.50, 277.86, 207.60, 211.28, 180.79, 145.14, 151.24, 325.00, 193.63, 155.90, 118.66, 79.81, 61.53, 44.08, 22.19, 12.62, 7.60, 7.93, 6.69, 3.34, 3.76, 3.13, 2.72, 5.11, 2.64, 2.70, 4.12, 3.46, 3.12, 2.66, 3.41, 3.38, ],
[151.08, 280.42, 219.48, 226.12, 200.47, 146.49, 155.88, 340.91, 204.46, 161.04, 121.22, 81.06, 62.35, 44.52, 21.23, 13.24, 7.30, 5.02, 4.45, 4.01, 6.31, 3.30, 1.75, 3.75, 4.04, 1.97, 2.37, 2.28, 2.94, 2.63, 5.83, 3.87, ],
[181.69, 312.48, 244.63, 233.06, 215.41, 170.43, 148.15, 308.75, 203.50, 162.00, 110.11, 97.23, 41.01, 48.45, 15.84, 13.96, 6.56, 3.75, 2.94, 4.10, 4.33, 5.06, 3.27, 3.49, 3.22, 1.98, 2.51, 2.35, 2.75, 2.54, 7.25, 3.36, ],
[190.02, 304.58, 235.82, 228.96, 221.64, 194.28, 126.50, 277.67, 183.98, 141.22, 112.17, 91.05, 38.34, 40.60, 12.06, 13.35, 4.90, 5.35, 4.49, 4.31, 3.39, 7.88, 3.05, 2.03, 4.26, 5.87, 4.19, 3.24, 4.15, 2.49, 5.97, 3.61, ],
[179.97, 312.57, 243.16, 217.24, 208.07, 175.98, 153.96, 311.52, 205.93, 160.07, 108.91, 94.80, 38.99, 46.03, 14.88, 12.61, 5.74, 3.50, 3.23, 4.02, 4.14, 4.16, 2.39, 2.15, 3.89, 2.98, 5.29, 3.27, 2.75, 2.70, 4.22, 5.10, ],
[186.77, 312.04, 254.92, 220.05, 197.30, 166.93, 131.52, 293.96, 224.69, 162.01, 97.35, 97.65, 39.97, 48.89, 23.20, 13.90, 12.31, 11.49, 5.12, 5.24, 3.81, 4.94, 2.86, 2.50, 2.80, 2.97, 3.48, 2.59, 3.93, 3.89, 2.79, 3.39, ],
[151.35, 278.70, 266.71, 242.27, 233.27, 158.47, 155.28, 356.35, 243.84, 159.29, 103.02, 80.59, 79.91, 46.39, 18.46, 13.30, 10.90, 5.06, 6.59, 4.72, 4.45, 4.12, 2.71, 2.00, 3.12, 5.74, 4.68, 4.98, 2.86, 2.65, 2.84, 4.16, ],
[153.52, 284.89, 267.97, 210.21, 205.12, 145.39, 138.75, 310.00, 223.77, 153.71, 102.24, 79.56, 79.73, 44.40, 18.92, 12.21, 11.59, 6.89, 7.01, 6.08, 3.83, 3.41, 3.65, 2.74, 3.19, 2.21, 2.74, 2.91, 4.40, 5.17, 3.13, 4.21, ],
[179.23, 301.64, 265.59, 218.78, 195.55, 179.11, 143.82, 302.05, 214.19, 157.29, 91.76, 98.14, 69.98, 47.76, 23.13, 13.14, 11.11, 6.18, 4.30, 5.41, 3.82, 3.80, 1.67, 2.03, 2.17, 4.69, 7.19, 3.14, 3.79, 3.52, 4.44, 3.14, ],
[152.52, 283.43, 254.35, 226.23, 216.13, 151.19, 149.54, 326.04, 235.08, 158.95, 104.36, 80.60, 78.99, 44.94, 19.41, 12.54, 10.57, 5.46, 6.89, 2.88, 3.34, 3.28, 4.59, 2.32, 2.36, 2.37, 2.18, 2.72, 2.88, 7.08, 4.29, 3.34, ],
# === Voice data end ===